0.480191
0.571398
0.48232
0.344876
0.329081
0.864363
0.342608
0.214669
0.950086
0.0949184
0.293572
0.0588813
0.618708
0.631023
0.609785
0.661659
0.501515
0.962124
0.409705
0.912323
0.414794
0.444026
0.74386
0.060529
0.311624
0.471974
0.464419
0.485135
0.66781
0.876482
0.0280863
0.047133
0.164475
0.335788
0.581753
0.51776
0.995161
0.66926
0.245117
0.688359
0.247575
0.985287
0.710848
0.226381
0.789172
0.607346
0.663302
0.121042
0.35066
0.549269
0.558578
0.0263064
0.132142
0.912636
0.671923
0.00729202
0.5569
0.817615
0.648919
0.374143
0.217852
0.44512
0.139481
0.250607
0.947368
0.409453
0.674324
0.368507
0.5019
0.44157
0.467673
0.181633
0.707397
0.226343
0.153284
0.24016
0.368133
0.206611
0.506429
0.545495
0.128765
0.149503
0.688981
0.698129
0.459801
0.880834
0.182996
0.606426
0.193564
0.227111
0.0587303
0.0809688
0.842517
0.184493
0.775733
0.743057
0.551901
0.794379
0.129788
0.346736
0.5971
0.458603
0.745639
0.957059
0.285062
0.0304949
0.52846
0.834389
0.571053
0.684344
0.773605
0.985419
0.931669
0.568984
0.906065
0.23108
0.755845
0.489061
0.651773
0.344816
0.323512
0.267938
0.234261
0.227404
0.982075
0.734112
0.213881
0.694559
0.456261
0.377115
0.179721
0.566343
0.528158
0.750021
0.600735
0.560817
0.644885
0.581432
0.1273
0.532324
0.762071
0.135006
0.0450162
0.58655
0.141731
0.067017
0.355338
0.160392
0.708104
0.0970477
0.0811806
0.402691
0.0336433
0.442649
0.601075
0.269221
0.791315
0.636205
0.694627
0.597782
0.924983
0.193469
0.627249
0.179174
0.377764
0.0723202
0.484821
0.387205
0.761667
0.34035
0.270626
0.407484
0.578641
0.212451
0.66985
0.167703
0.583631
0.090048
0.437141
0.0307319
0.511078
0.696112
0.555925
0.425839
0.0725682
0.654217
0.423627
0.904923
0.042195
0.170968
0.456423
0.0968466
0.700377
0.233819
0.797659
0.24759
0.245909
0.999155
0.80614
0.791197
0.655152
0.140656
0.997204
0.00446873
0.105991
0.389685
0.440128
0.223936
0.688822
0.0344658
0.266144
0.0888464
0.241434
0.781143
0.677755
0.0266699
0.241452
0.0801703
0.421751
0.362606
0.323794
0.999035
0.778364
0.964727
0.158334
0.113525
0.0161535
0.492434
0.335363
0.449211
0.88249
0.0176759
0.0790569
0.708984
0.896027
0.526499
0.867136
0.956721
0.603666
0.809875
0.572246
0.736008
0.0855374
0.626431
0.433398
0.123759
0.025072
0.384534
0.871061
0.930086
0.949214
0.433715
0.444477
0.325057
0.227091
0.71959
0.151803
0.35176
0.0301298
0.392143
0.741044
0.722667
0.860084
0.426769
0.698999
0.0839685
0.257826
0.279557
0.511091
0.908872
0.418745
0.843595
0.306841
0.0793389
0.449084
0.748733
0.963341
0.866377
0.196115
0.107605
0.513835
0.0248728
0.0367787
0.138835
0.401198
0.927127
0.222783
0.319769
0.362219
0.816541
0.608165
0.424462
0.940381
0.985695
0.574904
0.417728
0.753141
0.0336777
0.0207599
0.91178
0.290259
0.386102
0.214482
0.802897
0.288543
0.538787
0.396902
0.731406
0.733312
0.782516
0.749886
0.332735
0.28452
0.925447
0.986628
0.24954
0.0188629
0.0290697
0.574405
0.0310736
0.25481
0.585164
0.849318
0.488412
0.740484
0.317338
0.505969
0.813645
0.937217
0.807807
0.806844
0.622244
0.0590739
0.854671
0.455148
0.667426
0.426209
0.286606
0.981329
0.196979
0.618725
0.914438
0.957848
0.556657
0.72628
0.59216
0.435581
0.803891
0.988918
0.744231
0.285165
0.761523
0.916911
0.526795
0.838115
0.204753
0.283879
0.155467
0.929636
0.386479
0.545555
0.141855
0.155647
0.951357
0.448899
0.639948
0.612654
0.86777
0.614452
0.0913605
0.495384
0.923562
0.305737
0.527824
0.130276
0.556755
0.382324
0.714014
0.44085
0.36814
0.333788
0.979866
0.604529
0.311651
0.918349
0.689735
0.384092
0.435162
0.769467
0.425897
0.0488498
0.0188554
0.901892
0.100968
0.97204
0.0719234
0.816318
0.848563
0.802449
0.765123
0.428706
0.263067
0.371221
0.111926
0.133026
0.764606
0.731173
0.829668
0.222847
0.382317
0.608033
0.212986
0.652279
0.84805
0.172494
0.1039
0.240015
0.938882
0.782542
0.181674
0.399809
0.581724
0.0302461
0.346985
0.776296
0.21072
0.574448
0.744681
0.855763
0.805299
0.653291
0.85805
0.244719
0.999685
0.701049
0.522082
0.633497
0.179188
0.604313
0.686293
0.518297
0.0212357
0.909039
0.212663
0.223756
0.67542
0.788857
0.311813
0.644348
0.551824
0.513259
0.340916
0.777149
0.546914
0.991425
0.883197
0.891115
0.974124
0.109344
0.748266
0.112405
0.187605
0.0822953
0.136654
0.745795
0.583116
0.430122
0.0523385
0.652502
0.59899
0.2318
0.859366
0.372363
0.309471
0.28061
0.217035
0.71074
0.415354
0.860978
0.458451
0.184424
0.617004
0.985073
0.125147
0.350305
0.569188
0.339859
0.0138841
0.349761
0.426989
0.410624
0.365196
0.844505
0.602679
0.227333
0.78574
0.927531
0.016983
0.432965
0.83498
0.515176
0.571086
0.23898
0.532762
0.131761
0.507034
0.727563
0.159357
0.305973
0.481724
0.336708
0.0444257
0.663167
0.839367
0.23851
0.640687
0.0301303
0.399208
0.489568
0.170391
0.759133
0.74726
0.199041
0.288744
0.923124
0.940036
0.191252
0.377896
0.297928
0.269972
0.420299
0.962176
0.295162
0.783835
0.911831
0.147454
0.263516
0.920623
0.910128
0.526233
0.398713
0.176303
0.124473
0.0256889
0.753039
0.330455
0.965211
0.303966
0.754939
0.256014
0.833406
0.0516436
0.973362
0.288341
0.143853
0.730981
0.599973
0.740155
0.786368
0.479737
0.938009
0.108917
0.565013
0.169179
0.383713
0.0714973
0.655058
0.558001
0.327763
0.714269
0.718962
0.599597
0.430734
0.354178
0.66211
0.0870417
0.910039
0.0275662
0.304473
0.272759
0.26324
0.27112
0.719951
0.217467
0.959862
0.401275
0.225911
0.882966
0.00866663
0.660028
0.084948
0.720712
0.00234513
0.414563
0.558045
0.0555014
0.812271
0.834545
0.201668
0.441355
0.858497
0.754008
0.612717
0.939435
0.0841681
0.613901
0.828594
0.180041
0.957259
0.65219
0.363514
0.575302
0.0958039
0.17688
0.825296
0.749538
0.478237
0.725055
0.999992
0.861541
0.911984
0.709923
0.671858
0.91295
0.942727
0.406412
0.559083
0.508344
0.735551
0.405425
0.980529
0.757295
0.857241
0.65085
0.838953
0.279869
0.751354
0.00791923
0.0985075
0.615854
0.653285
0.755601
0.391117
0.507685
0.664835
0.874956
0.382889
0.20994
0.457494
0.109339
0.65596
0.720394
0.660887
0.5302
0.0786205
0.37428
0.520724
0.802844
0.391234
0.476203
0.535941
0.552153
0.0308965
0.277191
0.743371
0.839912
0.403614
0.544977
0.420634
0.593316
0.86902
0.619947
0.454071
0.579151
0.796937
0.126861
0.152492
0.928452
0.487177
0.98809
0.833215
0.847931
0.178792
0.951764
0.289479
0.279747
0.701926
0.27468
0.552212
0.0271208
0.819115
0.87247
0.605854
0.592911
0.0508892
0.294008
0.400309
0.99664
0.522674
0.586395
0.543935
0.916054
0.124391
0.632547
0.225468
0.436468
0.725261
0.465125
0.351509
0.814353
0.829118
0.981276
0.312547
0.984903
0.256587
0.449443
0.793201
0.32587
0.89435
0.332736
0.288053
0.299709
0.21049
0.699065
0.179109
0.279091
0.676793
0.863723
0.585049
0.925244
0.58383
0.428003
0.453673
0.874067
0.447387
0.236684
0.954768
0.782052
0.947382
0.655945
0.465583
0.0528176
0.705828
0.848393
0.944942
0.648244
0.03061
0.462107
0.624068
0.715934
0.701561
0.130044
0.642056
0.0386725
0.968555
0.503119
0.924224
0.439587
0.133816
0.0511294
0.331099
0.774849
0.884933
0.0665161
0.936889
0.293702
0.244831
0.879884
0.215601
0.602728
0.0433891
0.240295
0.639665
0.85717
0.449729
0.589824
0.166771
0.912984
0.52437
0.0913788
0.803984
0.552655
0.474074
0.763716
0.773678
0.203748
0.390914
0.095087
0.127603
0.624213
0.142108
0.412562
0.937241
0.202673
0.317112
0.708761
0.143035
0.991815
0.433298
0.434326
0.720675
0.39244
0.735498
0.522248
0.414993
0.791782
0.476087
0.589417
0.333711
0.682905
0.589126
0.447973
0.0783595
0.987907
0.755427
0.458512
0.20891
0.153026
0.905069
0.487286
0.821567
0.0752682
0.0323366
0.482068
0.119299
0.0503611
0.419042
0.846711
0.669129
0.0540393
0.238738
0.467068
0.0172278
0.548116
0.189184
0.608163
0.40281
0.0336132
0.936218
0.0133019
0.564609
0.382044
0.0190425
0.0464601
0.855472
0.915572
0.0132877
0.326664
0.238194
0.327947
0.80106
0.416985
0.268998
0.0524542
0.598569
0.156237
0.873486
0.682976
0.776117
0.200053
0.296009
0.0281786
0.597993
0.465557
0.611229
0.92306
0.865637
0.754365
0.617527
0.777989
0.663625
0.542954
0.435961
0.191487
0.31607
0.193127
0.890128
0.377451
0.82579
0.0443414
0.245752
0.353155
0.483794
0.11852
0.961214
0.116602
0.7315
0.315967
0.451957
0.0400857
0.719764
0.0746079
0.93484
0.856386
0.276252
0.966287
0.385175
0.635686
0.968035
0.763194
0.999679
0.604868
0.00991273
0.603188
0.779227
0.4673
0.911528
0.053286
0.577504
0.111543
0.69563
0.451887
0.868479
0.533019
0.444744
0.819918
0.356825
0.16446
0.074367
0.886354
0.951968
0.730339
0.811075
0.743566
0.111658
0.631555
0.547542
0.544884
0.872509
0.259406
0.831407
0.465369
0.456063
0.0457697
0.250519
0.464427
0.626444
0.638295
0.830964
0.00907104
0.456962
0.165314
0.431302
0.887709
0.727352
0.598385
0.049731
0.828775
0.215893
0.516728
0.642032
0.632411
0.928408
0.758983
0.228893
0.0113275
0.381405
0.276526
0.576474
0.797274
0.775665
0.597661
0.883874
0.277041
0.221016
0.616741
0.566108
0.5844
0.00518108
0.0783462
0.764093
0.108625
0.662864
0.761609
0.355522
0.258579
0.936004
0.424068
0.31427
0.938198
0.302031
0.236796
0.83417
0.889513
0.0419946
0.803041
0.716312
0.0639719
0.176166
0.817614
0.632509
0.571119
0.79088
0.324748
0.0402746
0.895671
0.536276
0.186826
0.979017
0.337165
0.735136
0.431855
0.187056
0.853602
0.495646
0.325775
0.297564
0.166246
0.102405
0.114582
0.779419
0.689588
0.899799
0.921783
0.40841
0.147295
0.585722
0.229917
0.222692
0.786573
0.932448
0.66041
0.514481
0.877815
0.431282
0.549367
0.205277
0.0936609
0.158164
0.255562
0.238079
0.388033
0.669948
0.810413
0.615528
0.185903
0.466088
0.544997
0.770828
0.306464
0.737668
0.987339
0.210044
0.202198
0.333643
0.537509
0.9211
0.930634
0.169588
0.257912
0.724435
0.584308
0.468452
0.274313
0.3841
0.565417
0.955971
0.00248806
0.816806
0.0563028
0.281697
0.489011
0.801643
0.215926
0.0650955
0.0597559
0.317062
0.86752
0.40745
0.00634152
0.581984
0.404197
0.344715
0.623823
0.586651
0.850309
0.141608
0.0122332
0.603056
0.565015
0.212027
0.536054
0.464147
0.913808
0.372595
0.198985
0.343231
0.689156
0.637344
0.845906
0.134062
0.187477
0.930875
0.211008
0.413805
0.822624
0.840471
0.78957
0.298299
0.515804
0.11577
0.750286
0.0546854
0.0982893
0.9489
0.169179
0.38679
0.784564
0.172615
0.143071
0.596364
0.0933195
0.421042
0.45384
0.686105
0.360054
0.430879
0.776363
0.337655
0.964072
0.156676
0.254116
0.923687
0.409979
0.519775
0.859722
0.346176
0.186757
0.831342
0.363163
0.686274
0.200809
0.998838
0.467759
0.619902
0.693285
0.0445037
0.974258
0.351818
0.997637
0.278775
0.372942
0.0279571
0.87577
0.061543
0.352963
0.251364
0.668658
0.127435
0.801577
0.106655
0.546782
0.767071
0.166333
0.55036
0.900866
0.856556
0.130226
0.708905
0.559409
0.987122
0.554942
0.909165
0.328756
0.406781
0.76879
0.0541024
0.299007
0.406907
0.882149
0.269956
0.154548
0.485424
0.519474
0.806693
0.0830232
0.371683
0.883888
0.509744
0.261122
0.685332
0.370278
0.268973
0.635594
0.435636
0.740515
0.829581
0.77398
0.273643
0.118287
0.0434378
0.0598839
0.468483
0.793166
0.73944
0.766834
0.171635
0.666966
0.698918
0.707009
0.702681
0.95939
0.459286
0.223415
0.934766
0.612872
0.535977
0.166844
0.15251
0.229188
0.960655
0.72267
0.907262
0.360463
0.301544
0.0550392
0.0430431
0.424998
0.942981
0.673926
0.667754
0.933704
0.761289
0.98227
0.00585719
0.441822
0.697125
0.580511
0.656308
0.570106
0.777803
0.539455
0.626932
0.849568
0.684474
0.95682
0.279424
0.278418
0.375197
0.937927
0.744037
0.0315384
0.0660879
0.73996
0.514622
0.251796
0.935443
0.984666
0.28582
0.778793
0.172253
0.0601998
0.778147
0.309169
0.204106
0.402334
0.0209703
0.448479
0.587861
0.178322
0.0530791
0.100519
0.430501
0.429336
0.856868
0.376301
0.488189
0.994558
0.531179
0.519854
0.1903
0.374718
0.890413
0.174872
0.0737817
0.0490094
0.700182
0.96686
0.0122664
0.161224
0.698434
0.582231
0.560944
0.782972
0.417121
0.549876
0.757513
0.521118
0.421889
0.690207
0.301352
0.817823
0.150632
0.675019
0.0511803
0.186812
0.753379
0.045583
0.114269
0.526734
0.822974
0.723231
0.343132
0.0146509
0.237088
0.735292
0.0593938
0.231
0.420936
0.679166
0.738222
0.288965
0.64227
0.630983
0.931961
0.464522
0.226306
0.517852
0.534169
0.779268
0.156634
0.553841
0.412691
0.0992593
0.251105
0.320689
0.817827
0.213423
0.00464656
0.0946639
0.0154595
0.827424
0.521762
0.256712
0.552204
0.886268
0.509825
0.624293
0.489324
0.0747261
0.921021
0.598802
0.0727591
0.861918
0.253655
0.171667
0.210548
0.674093
0.475461
0.0650173
0.745588
0.0915446
0.590836
0.184292
0.394929
0.574184
0.315916
0.59932
0.774622
0.0766711
0.611924
0.613596
0.706164
0.499932
0.357282
0.841495
0.00720205
0.0448999
0.633417
0.83596
0.977607
0.632679
0.436147
0.317479
0.876873
0.604739
0.854959
0.30328
0.223375
0.257283
0.161631
0.540496
0.120914
0.195707
0.249361
0.00272602
0.81629
0.382245
0.399846
0.215332
0.0914566
0.110631
0.368453
0.596729
0.22337
0.172954
0.840535
0.874112
0.196778
0.241454
0.119828
0.945726
0.811122
0.53136
0.572116
0.552793
0.791532
0.279683
0.627185
0.091897
0.512115
0.108841
0.294035
0.841898
0.779408
0.505431
0.776972
0.574652
0.168675
0.922872
0.713661
0.505441
0.946542
0.539234
0.914054
0.500054
0.405456
0.506447
0.861159
0.506382
0.765563
0.823922
0.662022
0.606836
0.0942006
0.229366
0.953658
0.129797
0.504455
0.37061
0.840058
0.846996
0.466094
0.640836
0.537101
0.057044
0.739288
0.205619
0.83158
0.366978
0.79357
0.528853
0.43748
0.728196
0.788826
0.79957
0.376337
0.0918268
0.332189
0.105285
0.524109
0.700676
0.257333
0.998428
0.579429
0.469915
0.868587
0.335954
0.386725
0.681903
0.741631
0.591806
0.480229
0.205006
0.54353
0.108522
0.921238
0.250371
0.99153
0.642943
0.934858
0.163732
0.837059
0.442286
0.493817
0.577064
0.719859
0.670937
0.440134
0.335729
0.596924
0.505713
0.523681
0.514687
0.346936
0.956707
0.381903
0.638452
0.45497
0.678753
0.800434
0.899309
0.683503
0.629089
0.100987
0.294314
0.53687
0.173798
0.0180993
0.195189
0.54123
0.44654
0.996329
0.304063
0.394116
0.913649
0.705398
0.631066
0.327381
0.298069
0.651817
0.0800756
0.831233
0.53755
0.599836
0.450161
0.857407
0.431093
0.383261
0.459304
0.527228
0.12131
0.865008
0.195094
0.947977
0.654313
0.0345433
0.568461
0.123291
0.154193
0.528477
0.106407
0.389238
0.921722
0.387001
0.32434
0.183284
0.452848
0.0200309
0.659543
0.942051
0.0464688
0.000312984
0.26032
0.191632
0.757173
0.808269
0.578806
0.998962
0.55559
0.808829
0.995759
0.713553
0.679486
0.114209
0.508858
0.374281
0.544655
0.0155871
0.972235
0.360079
0.847283
0.278101
0.0470723
0.143522
0.174028
0.885619
0.605146
0.684144
0.4132
0.655028
0.0528237
0.808276
0.701995
0.436942
0.684458
0.677736
0.712715
0.593316
0.862752
0.278514
0.992381
0.942898
0.286824
0.651017
0.648255
0.225365
0.70772
0.642786
0.304243
0.406721
0.752167
0.673696
0.812769
0.206613
0.541756
0.288116
0.367385
0.644749
0.291438
0.198339
0.48368
0.207323
0.485393
0.00723143
0.538682
0.623026
0.190614
0.648257
0.256703
0.414884
0.95124
0.485509
0.957288
0.131385
0.194879
0.328203
0.103901
0.268277
0.932979
0.573438
0.777871
0.681774
0.581891
0.849349
0.00817625
0.418215
0.931365
0.450542
0.261413
0.56127
0.259129
0.18464
0.242362
0.385125
0.793647
0.825358
0.791687
0.885569
0.764361
0.609754
0.134032
0.668169
0.914339
0.303286
0.333686
0.266501
0.0873885
0.738555
0.898909
0.970555
0.123923
0.777053
0.934745
0.259601
0.109763
0.780639
0.200048
0.204615
0.958558
0.483884
0.642371
0.336484
0.293485
0.603861
0.0838999
0.106162
0.270098
0.532062
0.363847
0.178636
0.33676
0.928401
0.635794
0.790913
0.88246
0.512498
0.55957
0.696711
0.614007
0.611359
0.114138
0.315258
0.534872
0.585586
0.940721
0.700823
0.723963
0.640496
0.821176
0.500894
0.530486
0.874788
0.553985
0.833053
0.130023
0.302916
0.109507
0.477798
0.348756
0.540634
0.437574
0.304582
0.116834
0.628079
0.127112
0.371801
0.865739
0.470807
0.847734
0.868642
0.268134
0.530736
0.0751801
0.551675
0.0050345
0.614794
0.835092
0.384436
0.216955
0.368311
0.195739
0.793398
0.639096
0.291046
0.609037
0.077689
0.718561
0.859186
0.338563
0.22538
0.96914
0.338185
0.870035
0.671542
0.610351
0.175248
0.38947
0.822632
0.9795
0.45408
0.721257
0.174515
0.0673765
0.396272
0.148659
0.512214
0.784144
0.101383
0.938544
0.116872
0.272286
0.311109
0.807033
0.80647
0.337553
0.246719
0.604079
0.750853
0.590268
0.638909
0.138615
0.698917
0.7004
0.615352
0.21797
0.424692
0.794568
0.305695
0.808404
0.849086
0.581234
0.806552
0.725908
0.331742
0.581866
0.414028
0.566841
0.897149
0.377041
0.929939
0.484635
0.267025
0.881102
0.684124
0.0775927
0.100124
0.785929
0.103438
0.478651
0.68495
0.957611
0.57609
0.339935
0.28566
0.0841326
0.0173285
0.239487
0.0536593
0.852053
0.462306
0.980941
0.672063
0.356544
0.441226
0.68588
0.582789
0.937555
0.481795
0.533043
0.851006
0.860064
0.100961
0.859791
0.502626
0.638765
0.726571
0.484964
0.788651
0.852834
0.580513
0.68457
0.564204
0.5687
0.135652
0.908898
0.849735
0.503577
0.618012
0.921342
0.999063
0.251291
0.454659
0.449544
0.485369
0.597437
0.124273
0.655027
0.0457583
0.0597521
0.254271
0.537893
0.363966
0.177694
0.507939
0.928018
0.202273
0.598353
0.523357
0.0637151
0.860447
0.53756
0.765418
0.379287
0.672618
0.694295
0.0231653
0.339319
0.939149
0.277403
0.311409
0.844678
0.504288
0.56484
0.268823
0.114493
0.280752
0.595347
0.996255
0.0605494
0.653842
0.114207
0.472733
0.224568
0.320001
0.257545
0.5594
0.835671
0.122865
0.989401
0.863653
0.407859
0.888859
0.0517328
0.47351
0.281466
0.592887
0.651693
0.00238614
0.103897
0.200358
0.414907
0.334026
0.974108
0.826727
0.807295
0.203441
0.225636
0.262637
0.134977
0.554767
0.971203
0.0109387
0.845891
0.891559
0.431676
0.176731
0.32106
0.0588723
0.466346
0.876556
0.277412
0.467646
0.719304
0.340251
0.606719
0.130014
0.139614
0.486357
0.19411
0.407828
0.358952
0.912411
0.894202
0.852773
0.556027
0.148548
0.644208
0.206561
0.66439
0.402818
0.157258
0.0353929
0.848474
0.297971
0.990645
0.769776
0.630035
0.998184
0.473964
0.916108
0.0345763
0.123894
0.289539
0.286569
0.366637
0.0753654
0.666728
0.697154
0.0750909
0.0530083
0.910794
0.71125
0.973858
0.629868
0.183867
0.255322
0.19039
0.890707
0.110068
0.917998
0.784297
0.686073
0.830148
0.291557
0.197055
0.908962
0.927212
0.653531
0.895938
0.0263506
0.874011
0.507686
0.682954
0.407462
0.208504
0.322018
0.150368
0.230414
0.568207
0.862045
0.386956
0.564807
0.716923
0.322507
0.372238
0.206711
0.187543
0.0330803
0.980797
0.258766
0.0743046
0.837139
0.796111
0.243309
0.302264
0.150583
0.855431
0.222363
0.250816
0.463668
0.868573
0.109405
0.772752
0.648427
0.107601
0.444434
0.607916
0.251876
0.275593
0.898306
0.821876
0.275874
0.607408
0.713315
0.68399
0.823724
0.320876
0.961939
0.306732
0.241874
0.171573
0.634161
0.346085
0.646952
0.314242
0.465613
0.557995
0.225314
0.860667
0.226963
0.563383
0.783608
0.10357
0.692863
0.940223
0.333085
0.165229
0.0036309
0.0246077
0.580777
0.125984
0.418811
0.949334
0.450892
0.148161
0.150289
0.905648
0.219903
0.913775
0.815224
0.472658
0.95906
0.927062
0.128897
0.366791
0.657321
0.59116
0.63401
0.813131
0.300994
0.80515
0.156462
0.661805
0.960281
0.448576
0.217694
0.781457
0.945824
0.458619
0.00580616
0.584171
0.158515
0.168066
0.684622
0.440772
0.0469066
0.359746
0.255458
0.482322
0.379747
0.410507
0.396678
0.9734
0.925482
0.579325
0.718489
0.641654
0.28641
0.68531
0.0103978
0.75543
0.50797
0.44858
0.287095
0.198413
0.730727
0.32186
0.508698
0.689421
0.105425
0.880427
0.333526
0.573323
0.831348
0.463333
0.2339
0.161285
0.712778
0.656662
0.515658
0.660992
0.299291
0.176863
0.543135
0.469761
0.275577
0.62754
0.0719778
0.730834
0.121264
0.0764162
0.327545
0.0407061
0.147527
0.489367
0.789587
0.590261
0.511275
0.00398248
0.933578
0.653059
0.954861
0.346245
0.338421
0.840801
0.342193
0.231299
0.440918
0.505673
0.846199
0.0634469
0.351455
0.910777
0.4251
0.658624
0.497041
0.772373
0.275417
0.938692
0.597291
0.665507
0.168575
0.237769
0.190618
0.723242
0.5233
0.10202
0.654053
0.661048
0.231926
0.98207
0.642717
0.14426
0.580451
0.633076
0.102371
0.550146
0.304567
0.857693
0.238656
0.092844
0.429254
0.465778
0.324107
0.272574
0.144654
0.204738
0.0357916
0.550025
0.273259
0.656959
0.517976
0.616189
0.287958
0.703722
0.451092
0.49945
0.256777
0.658398
0.691515
0.284952
0.189953
0.537883
0.202259
0.368727
0.196318
0.512682
0.641347
0.121587
0.514055
0.724076
0.550439
0.228709
0.917927
0.596053
0.865706
0.92016
0.124035
0.652467
0.00674862
0.424046
0.94288
0.979478
0.0902108
0.172257
0.116723
0.766341
0.890962
0.396499
0.966265
0.0213058
0.0866847
0.910243
0.462158
0.494369
0.852708
0.463964
0.84035
0.764529
0.438999
0.256814
0.275369
0.119103
0.768473
0.72951
0.878864
0.0607596
0.185754
0.96926
0.348753
0.48639
0.755355
0.254313
0.246714
0.522371
0.481629
0.735136
0.435388
0.561318
0.0774645
0.945171
0.486021
0.547585
0.268634
0.935054
0.444822
0.119499
0.424099
0.83939
0.634971
0.965139
0.0887136
0.00876108
0.247468
0.196937
0.927112
0.966149
0.0669193
0.712627
0.128495
0.612249
0.0681006
0.566915
0.142942
0.423292
0.260906
0.0395747
0.131745
0.243335
0.726189
0.0620407
0.718877
0.165317
0.480304
0.466184
0.155116
0.0272744
0.401527
0.458098
0.249015
0.195406
0.190519
0.0593351
0.24583
0.662993
0.927958
0.185308
0.472051
0.757391
0.46508
0.601321
0.402492
0.678024
0.554807
0.63843
0.0852888
0.449514
0.987257
0.826475
0.559723
0.272056
0.45111
0.806796
0.817584
0.134396
0.800156
0.226331
0.941777
0.445626
0.642714
0.0995885
0.783329
0.415207
0.385802
0.168974
0.949463
0.627498
0.354838
0.755618
0.677267
0.822919
0.797661
0.28645
0.362793
0.461638
0.750911
0.5539
0.405383
0.266922
0.156342
0.637106
0.846877
0.469315
0.775633
0.0690077
0.812839
0.390071
0.919574
0.281904
0.958132
0.327069
0.0484618
0.49827
0.421065
0.837652
0.412392
0.0686798
0.301811
0.541125
0.694771
0.0235006
0.97479
0.294361
0.323411
0.565969
0.246999
0.311928
0.574005
0.306047
0.727973
0.0441531
0.0816971
0.0825606
0.595732
0.471713
0.0830602
0.992985
0.0928306
0.20316
0.513
0.996936
0.502998
0.888927
0.203396
0.482969
0.260495
0.137912
0.891802
0.509221
0.482337
0.643903
0.0730767
0.200299
0.42495
0.133534
0.306699
0.697039
0.128112
0.173372
0.856498
0.158731
0.786815
0.997344
0.367852
0.487366
0.153399
0.172097
0.428331
0.952849
0.53194
0.308266
0.0192631
0.75535
0.169528
0.264423
0.149681
0.693038
0.889239
0.434885
0.10401
0.0938906
0.019416
0.324086
0.919303
0.71844
0.818533
0.0833299
0.525452
0.271162
0.418174
0.253085
0.59221
0.279898
0.252543
0.491949
0.180614
0.583895
0.516534
0.387608
0.529884
0.765424
0.484015
0.832196
0.717819
0.381653
0.444669
0.544609
0.248191
0.350259
0.79598
0.0376447
0.694399
0.768324
0.224819
0.527003
0.342564
0.4728
0.355036
0.0838873
0.893402
0.407278
0.114305
0.129574
0.753514
0.311304
0.0845906
0.714648
0.0955044
0.142768
0.50174
0.746112
0.905657
0.374887
0.720114
0.95885
0.387286
0.118228
0.057014
0.233654
0.0249368
0.113002
0.220503
0.986786
0.904885
0.395709
0.680995
0.489667
0.833842
0.375408
0.479982
0.0606814
0.872839
0.812029
0.764407
0.390483
0.845965
0.141683
0.25928
0.717593
0.58832
0.894217
0.102798
0.721548
0.0567203
0.29766
0.77363
0.39168
0.971816
0.31312
0.601396
0.659339
0.508256
0.263664
0.406397
0.322391
0.43278
0.736793
0.287276
0.244065
0.00589024
0.997255
0.863373
0.712887
0.494469
0.539064
0.0552933
0.314888
0.315022
0.578236
0.411984
0.215222
0.233251
0.248743
0.617014
0.14678
0.934114
0.661926
0.984524
0.900785
0.49065
0.359063
0.766628
0.720633
0.674046
0.691997
0.385913
0.0342452
0.559875
0.826662
0.703836
0.365365
0.688337
0.883705
0.436286
0.653057
0.925346
0.283861
0.855186
0.117353
0.358204
0.335962
0.520968
0.903864
0.248389
0.673741
0.569567
0.705803
0.434268
0.74918
0.47035
0.173434
0.902978
0.347417
0.0360159
0.319427
0.610967
0.51777
0.160742
0.598385
0.0603291
0.951561
0.887479
0.865302
0.122769
0.382474
0.235572
0.25693
0.219613
0.0315693
0.584941
0.0953005
0.716039
0.46746
0.599921
0.866778
0.936526
0.199776
0.642632
0.717843
0.785636
0.17884
0.757221
0.621248
0.320295
0.193539
0.810707
0.556992
0.371551
0.663067
0.167141
0.144229
0.061598
0.277736
0.900954
0.334482
0.640089
0.975581
0.58795
0.67186
0.958875
0.808135
0.316618
0.402903
0.591538
0.985824
0.736467
0.804965
0.0504122
0.278289
0.199503
0.0536414
0.551317
0.988829
0.246362
0.598015
0.844013
0.318473
0.582604
0.829225
0.792303
0.240741
0.133798
0.735465
0.953481
0.158788
0.749991
0.102623
0.789854
0.0803355
0.198461
0.532652
0.279367
0.325384
0.73151
0.481206
0.635186
0.575569
0.584625
0.795779
0.661627
0.968076
0.44854
0.606535
0.0341059
0.217689
0.69086
0.283294
0.330544
0.445417
0.119804
0.553139
0.606829
0.976368
0.810429
0.873872
0.168234
0.514323
0.224749
0.360411
0.428965
0.612289
0.749116
0.392418
0.362285
0.918747
0.377954
0.269423
0.192062
0.982363
0.581446
0.362738
0.539601
0.0684909
0.125905
0.0794575
0.442786
0.90087
0.913877
0.525512
0.276731
0.0145988
0.361432
0.579476
0.247909
0.61335
0.571639
0.544936
0.746342
0.770442
0.817673
0.6252
0.738781
0.696117
0.641166
0.0693254
0.151562
0.307263
0.16117
0.776397
0.899812
0.132948
0.457047
0.592985
0.294403
0.0342833
0.199752
0.229305
0.929172
0.593775
0.584459
0.0084708
0.368795
0.340916
0.773617
0.172652
0.767563
0.433672
0.73087
0.724103
0.00695636
0.915617
0.782165
0.847525
0.347783
0.197063
0.032607
0.0263871
0.488703
0.629299
0.634951
0.624745
0.0912611
0.825666
0.965854
0.111324
0.0299302
0.0360678
0.192007
0.0537164
0.811697
0.193323
0.179081
0.815508
0.241361
0.55176
0.434529
0.122675
0.806885
0.314655
0.414454
0.731633
0.561973
0.0755894
0.430318
0.354625
0.180515
0.923977
0.274521
0.878748
0.117769
0.341575
0.845131
0.110213
0.351237
0.243823
0.940994
0.289813
0.890488
0.437303
0.753654
0.6601
0.307722
0.876609
0.16492
0.814535
0.894713
0.433726
0.638776
0.909475
0.539504
0.443444
0.965318
0.102913
0.661462
0.187833
0.904232
0.427099
0.258232
0.104297
0.924359
0.704054
0.0358509
0.546705
0.476378
0.492363
0.148373
0.69713
0.664841
0.977404
0.236491
0.701939
0.493708
0.756465
0.906568
0.689642
0.807706
0.107154
0.940958
0.675122
0.768875
0.485306
0.53637
0.777343
0.804073
0.0611224
0.28401
0.352813
0.72069
0.628676
0.149867
0.8147
0.668688
0.636601
0.356521
0.0490952
0.142782
0.734101
0.0403222
0.694519
0.780716
0.485954
0.436035
0.444345
0.110845
0.971818
0.344116
0.562664
0.688064
0.291182
0.895498
0.632388
0.543343
0.964409
0.82793
0.0131442
0.91462
0.0242409
0.416198
0.0385422
0.779528
0.528876
0.82209
0.861575
0.483485
0.933299
0.951477
0.473142
0.0921572
0.88561
0.445376
0.435256
0.353374
0.163624
0.0313877
0.533135
0.394003
0.00553
0.942645
0.0392527
0.719633
0.873729
0.769524
0.390327
0.222415
0.133196
0.622113
0.848053
0.227764
0.0238073
0.12947
0.00402478
0.644451
0.286841
0.937167
0.963489
0.358191
0.119214
0.62269
0.555941
0.700137
0.196729
0.423119
0.359297
0.702068
0.648662
0.0563731
0.46242
0.899658
0.557602
0.619944
0.397548
0.590957
0.215145
0.934467
0.58856
0.928116
0.848972
0.665708
0.549379
0.406642
0.426603
0.918301
0.878466
0.372085
0.639228
0.506055
0.271401
0.439196
0.570496
0.33326
0.101709
0.422564
0.0400071
0.39853
0.100566
0.210432
0.734179
0.344348
0.458445
0.0921179
0.224993
0.458355
0.573052
0.292271
0.197672
0.277467
0.386606
0.688657
0.25069
0.347575
0.685549
0.0160354
0.507506
0.661233
0.345042
0.11411
0.851219
0.438244
0.567319
0.925746
0.00660892
0.0760473
0.12684
0.803551
0.283591
0.310867
0.747949
0.779266
0.120054
0.742933
0.481732
0.476762
0.946625
0.92531
0.693101
0.946317
0.746357
0.0247971
0.764547
0.743268
0.104554
0.23381
0.642675
0.441251
0.102284
0.0845271
0.646972
0.661245
0.550395
0.48251
0.541523
0.375127
0.753216
0.297932
0.345413
0.34809
0.355617
0.862429
0.851018
0.0574403
0.398446
0.689761
0.81155
0.720882
0.856775
0.818376
0.438583
0.271392
0.290822
0.851486
0.931054
0.221675
0.692244
0.539126
0.0982406
0.129312
0.340361
0.450794
0.494853
0.995605
0.138207
0.842382
0.918772
0.805412
0.555142
0.27937
0.374842
0.97118
0.615275
0.928531
0.819009
0.0849187
0.229209
0.318712
0.591433
0.209668
0.8897
0.188386
0.202326
0.485064
0.463155
0.25309
0.691126
0.759238
0.520681
0.0786379
0.667495
0.584482
0.383394
0.701778
0.776598
0.287681
0.0503445
0.140756
0.687093
0.97006
0.80439
0.389703
0.73961
0.629127
0.731063
0.981262
0.0766536
0.31643
0.243862
0.59409
0.867115
0.598663
0.734903
0.50747
0.0430088
0.849166
0.938251
0.184411
0.395241
0.81365
0.00787131
0.29305
0.284085
0.612737
0.263989
0.85509
0.502905
0.320404
0.0310042
0.0882175
0.671565
0.988807
0.882492
0.0490145
0.786221
0.0174378
0.0772938
0.0770659
0.246354
0.477903
0.1191
0.707164
0.298767
0.380871
0.29159
0.759554
0.823735
0.507312
0.390741
0.185387
0.803883
0.854219
0.861074
0.0721018
0.815133
0.935929
0.155027
0.547069
0.585688
0.659898
0.8982
0.0524443
0.431734
0.158825
0.365936
0.292523
0.43419
0.42487
0.783241
0.931469
0.195701
0.146912
0.149124
0.32429
0.346032
0.75272
0.964724
0.122209
0.963812
0.7915
0.734392
0.922528
0.924803
0.158073
0.728976
0.895637
0.973321
0.610858
0.692612
0.7355
0.554042
0.783353
0.80654
0.521808
0.0316287
0.5839
0.604396
0.0829666
0.420131
0.139085
0.598513
0.21175
0.877207
0.21947
0.625794
0.71242
0.645242
0.589775
0.340116
0.335642
0.14065
0.902618
0.306482
0.0477489
0.515316
0.923871
0.497568
0.624889
0.515156
0.230692
0.241527
0.349667
0.850147
0.421421
0.830382
0.229275
0.43106
0.822813
0.0199099
0.6255
0.774147
0.0879596
0.336929
0.769156
0.203753
0.482309
0.164708
0.241712
0.447398
0.416853
0.0421371
0.199017
0.873138
0.828477
0.216652
0.274598
0.170922
0.690622
0.289053
0.108345
0.949773
0.834713
0.0172385
0.728284
0.276553
0.0251281
0.328566
0.206145
0.687287
0.235082
0.0297034
0.224273
0.363153
0.506561
0.774635
0.288178
0.406458
0.339014
0.813186
0.223031
0.48757
0.584458
0.98773
0.784417
0.704048
0.940924
0.102823
0.138408
0.219653
0.713382
0.817534
0.300677
0.47429
0.394886
0.853967
0.627634
0.637766
0.936055
0.278186
0.478618
0.126782
0.824193
0.205885
0.315045
0.966834
0.58082
0.840048
0.680959
0.875773
0.11932
0.409444
0.525495
0.988302
0.393389
0.697081
0.845708
0.809782
0.00679935
0.276683
0.208343
0.622571
0.552894
0.493501
0.266945
0.542661
0.499967
0.940179
0.594749
0.944441
0.216462
0.0739626
0.0894194
0.871602
0.0197493
0.925711
0.430777
0.0713177
0.637326
0.531038
0.163536
0.55745
0.058729
0.0574934
0.290969
0.309797
0.756311
0.323359
0.696923
0.178511
0.241863
0.990949
0.885597
0.222815
0.856741
0.250065
0.843573
0.935907
0.781814
0.943568
0.548649
0.137539
0.614175
0.445391
0.679469
0.838657
0.316411
0.913041
0.481735
0.51642
0.4706
0.373826
0.900668
0.519398
0.520786
0.851603
0.885896
0.256927
0.180297
0.253491
0.416153
0.286075
0.0616913
0.846259
0.0733462
0.729234
0.229019
0.124686
0.597259
0.132067
0.654991
0.434599
0.312401
0.526136
0.770134
0.641454
0.924067
0.79484
0.879757
0.0707898
0.764411
0.452818
0.514398
0.478861
0.223472
0.899994
0.193529
0.636351
0.149861
0.709973
0.50911
0.613078
0.998033
0.943746
0.537322
0.763313
0.0014722
0.743217
0.247359
0.356395
0.936534
0.334019
0.864594
0.224601
0.867571
0.268177
0.258018
0.511987
0.960953
0.742651
0.73377
0.46844
0.0760257
0.764225
0.322837
0.918138
0.137082
0.944661
0.922275
0.674952
0.920713
0.422926
0.117522
0.197705
0.835635
0.520025
0.0588609
0.27558
0.6664
0.188861
0.193316
0.0660343
0.839119
0.0777752
0.166972
0.306665
0.122005
0.530474
0.66989
0.846781
0.849054
0.0575956
0.00866355
0.608291
0.539302
0.0551191
0.386727
0.7129
0.702899
0.620531
0.263154
0.83684
0.76952
0.329473
0.452867
0.341508
0.717398
0.313498
0.953209
0.582675
0.0122276
0.508927
0.528224
0.86009
0.52614
0.839535
0.0584107
0.70897
0.658082
0.382649
0.17604
0.711321
0.165179
0.163302
0.611412
0.00791358
0.00358017
0.171971
0.315314
0.482891
0.956127
0.62809
0.300671
0.371842
0.541284
0.361968
0.59142
0.99064
0.685447
0.308939
0.331799
0.549828
0.961855
0.905044
0.0668938
0.284372
0.435684
0.538907
0.412826
0.366803
0.866207
0.333822
0.548176
0.199539
0.647137
0.427358
0.597654
0.766497
0.519298
0.847535
0.519633
0.467621
0.309509
0.925843
0.638721
0.985158
0.551109
0.483924
0.317119
0.820554
0.0511372
0.463062
0.690835
0.860167
0.826178
0.568004
0.439646
0.134029
0.628511
0.390364
0.85477
0.12612
0.69342
0.31296
0.91175
0.77756
0.456896
0.0481798
0.757373
0.161267
0.414777
0.150355
0.0189072
0.773674
0.136626
0.279933
0.841708
0.586635
0.579544
0.39171
0.467193
0.116911
0.928117
0.855581
0.753037
0.290798
0.441236
0.85545
0.547372
0.682933
0.0589769
0.224838
0.852013
0.774681
0.0681092
0.7113
0.826495
0.895331
0.82696
0.718005
0.511634
0.0409286
0.886388
0.527002
0.327977
0.314557
0.753283
0.421334
0.360774
0.536223
0.304446
0.820572
0.357685
0.616778
0.1808
0.706013
0.957178
0.29563
0.64685
0.612273
0.478351
0.642519
0.817245
0.432602
0.741055
0.912977
0.409044
0.809015
0.108874
0.845593
0.887988
0.408193
0.495726
0.666951
0.448893
0.541488
0.794509
0.305938
0.892217
0.496125
0.365768
0.45701
0.969974
0.355979
0.942224
0.956169
0.324033
0.0303131
0.472666
0.0976337
0.930377
0.84555
0.161047
0.717282
0.366176
0.327676
0.24865
0.0613675
0.40315
0.742473
0.743843
0.77438
0.996391
0.339148
0.0529247
0.505231
0.416111
0.583066
0.583525
0.29771
0.617947
0.840333
0.474847
0.749503
0.900126
0.41435
0.978953
0.266754
0.333706
0.601653
0.981097
0.299146
0.739293
0.302255
0.00494458
0.103591
0.0579852
0.557511
0.0832149
0.593515
0.210964
0.671936
0.227574
0.829439
0.3894
0.646696
0.0114009
0.614321
0.894015
0.70433
0.681365
0.701425
0.854978
0.617235
0.87151
0.474701
0.304868
0.910722
0.501809
0.907918
0.376707
0.319197
0.749259
0.788051
0.773214
0.403524
0.0200992
0.807674
0.577248
0.801636
0.0958137
0.340183
0.448446
0.0332254
0.419165
0.906737
0.525155
0.271921
0.176045
0.781975
0.650422
0.640543
0.601905
0.212828
0.00399951
0.219728
0.968292
0.0876871
0.757739
0.318325
0.0924993
0.635609
0.675861
0.19034
0.052201
0.341654
0.170353
0.119712
0.00581186
0.68001
0.924788
0.918646
0.686241
0.659051
0.668443
0.524526
0.715385
0.473666
0.896127
0.208069
0.0159169
0.515058
0.577384
0.0868437
0.582226
0.472626
0.426419
0.82057
0.31176
0.75137
0.270593
0.862193
0.873984
0.045357
0.315808
0.787838
0.185234
0.221471
0.268592
0.217913
0.469606
0.675503
0.170602
0.309507
0.880715
0.180405
0.0609847
0.970085
0.211108
0.0910448
0.190051
0.188912
0.0509671
0.604644
0.251565
0.0494613
0.296307
0.0375618
0.301714
0.901948
0.0371364
0.151508
0.395367
0.940341
0.313682
0.0580055
0.897904
0.0806674
0.77661
0.492578
0.757549
0.124755
0.759521
0.264313
0.305606
0.328199
0.033247
0.783034
0.455738
0.582946
0.572957
0.681355
0.534134
0.196371
0.403381
0.616603
0.241129
0.658713
0.997645
0.426693
0.430756
0.723859
0.891349
0.900219
0.982873
0.151345
0.661505
0.922636
0.750758
0.990406
0.759352
0.43541
0.92872
0.000727484
0.226824
0.236581
0.213142
0.270815
0.58339
0.0403085
0.464437
0.792481
0.228616
0.35248
0.136728
0.988512
0.916299
0.243531
0.0222079
0.248622
0.582172
0.571785
0.989572
0.735746
0.682983
0.888708
0.515247
0.75329
0.548512
0.834212
0.595257
0.487332
0.589419
0.35844
0.30274
0.156161
0.594645
0.20008
0.738054
0.472142
0.287054
0.520589
0.53359
0.0466511
0.0644264
0.813885
0.97237
0.622267
0.443342
0.242153
0.870078
0.402813
0.0826153
0.514693
0.441066
0.993499
0.73384
0.648366
0.079582
0.53415
0.464059
0.440212
0.644085
0.142204
0.0270111
0.975041
0.507631
0.749863
0.94106
0.402617
0.783064
0.95385
0.353908
0.137506
0.0643261
0.128783
0.449327
0.840068
0.0200991
0.804939
0.610077
0.563807
0.909085
0.990315
0.222623
0.631377
0.548727
0.457519
0.519931
0.47746
0.674425
0.0685387
0.929083
0.105251
0.95181
0.0702083
0.991681
0.17544
0.619621
0.966519
0.281754
0.446831
0.887879
0.588847
0.750722
0.377994
0.943715
0.0149363
0.0337107
0.576193
0.0780284
0.422635
0.224263
0.18344
0.080387
0.0639749
0.226877
0.12557
0.458915
0.991714
0.736343
0.72021
0.574552
0.493373
0.115524
0.617015
0.167976
0.179687
0.00509798
0.681672
0.862259
0.990776
0.97339
0.762522
0.702071
0.71453
0.0990673
0.0234613
0.313375
0.900248
0.475174
0.24207
0.470669
0.533809
0.726938
0.638489
0.0921113
0.114225
0.787942
0.940991
0.229757
0.528032
0.631648
0.111735
0.935923
0.0573651
0.136015
0.00988876
0.200459
0.113342
0.947026
0.665722
0.785273
0.0751139
0.439327
0.773654
0.804552
0.0992919
0.798675
0.331321
0.516445
0.889739
0.842735
0.847914
0.885577
0.888006
0.708929
0.969203
0.40153
0.52294
0.0540202
0.917261
0.409213
0.645781
0.641376
0.606822
0.856255
0.0855157
0.262562
0.884397
0.065968
0.724036
0.879224
0.118902
0.384137
0.186376
0.419017
0.416176
0.670343
0.449174
0.261189
0.808734
0.38564
0.457106
0.584423
0.393779
0.247182
0.388919
0.556333
0.289895
0.263915
0.618186
0.849959
0.262381
0.832933
0.110567
0.293256
0.75275
0.476967
0.39022
0.42381
0.972569
0.970023
0.175568
0.771041
0.892165
0.613745
0.207323
0.47753
0.851616
0.104924
0.46118
0.0597444
0.124017
0.351389
0.787375
0.409738
0.470491
0.548213
0.81423
0.76875
0.379355
0.814937
0.649255
0.0229466
0.663021
0.400543
0.929344
0.483533
0.730894
0.12763
0.0799323
0.421925
0.290767
0.925916
0.874372
0.569817
0.916794
0.554745
0.592747
0.303694
0.186347
0.92797
0.393738
0.553517
0.965252
0.987033
0.0558192
0.153729
0.718908
0.681093
0.122577
0.150044
0.78571
0.423151
0.904588
0.406724
0.815756
0.410415
0.842286
0.298056
0.426179
0.788494
0.210367
0.632429
0.235754
0.31979
0.704892
0.119969
0.322784
0.0283503
0.484217
0.237729
0.506526
0.184672
0.7864
0.0214951
0.268403
0.0521491
0.46953
0.388798
0.53209
0.837686
0.990959
0.0405801
0.0291545
0.000366793
0.164693
0.00274087
0.0658587
0.886571
0.601714
0.00432956
0.766881
0.966951
0.537144
0.774184
0.714503
0.649615
0.0850775
0.896861
0.547826
0.313588
0.465209
0.766872
0.825186
0.905463
0.113397
0.869063
0.348141
0.213268
0.401039
0.263463
0.0291264
0.527781
0.420658
0.991259
0.0923558
0.224021
0.123103
0.984896
0.154138
0.595841
0.301201
0.289656
0.247223
0.0821276
0.318805
0.152891
0.633536
0.836727
0.878267
0.0309392
0.994331
0.718587
0.283909
0.657112
0.0748602
0.17489
0.378051
0.896749
0.658624
0.490432
0.685044
0.533998
0.904098
0.168444
0.0364351
0.364107
0.550878
0.605008
0.377284
0.0200198
0.473107
0.513249
0.167813
0.438304
0.577674
0.964719
0.0311561
0.640088
0.95712
0.309548
0.566517
0.448456
0.196528
0.0423151
0.190425
0.466083
0.453603
0.701207
0.192355
0.914483
0.712595
0.580469
0.940421
0.663178
0.0261447
0.413209
0.799071
0.99048
0.000587238
0.869709
0.196639
0.911119
0.175099
0.889109
0.252125
0.4712
0.453447
0.0776572
0.183868
0.277316
0.843055
0.219913
0.0700119
0.68985
0.308621
0.000939386
0.788252
0.154018
0.572396
0.256084
0.00273293
0.932413
0.0717011
0.0809892
0.18519
0.487921
0.490352
0.346944
0.0957367
0.0464129
0.0614098
0.113681
0.630359
0.446421
0.993282
0.0974275
0.464332
0.0331913
0.846068
0.869178
0.273469
0.186137
0.405858
0.25438
0.36305
0.789208
0.222038
0.784915
0.0730391
0.567944
0.432026
0.0622266
0.841793
0.0130526
0.374359
0.845946
0.812343
0.045809
0.912389
0.519735
0.180986
0.82665
0.498938
0.658161
0.704338
0.811278
0.142033
0.151841
0.98685
0.990224
0.701279
0.392679
0.75652
0.839659
0.156043
0.613592
0.646108
0.137476
0.551627
0.199577
0.283025
0.794544
0.892823
0.680928
0.36353
0.851309
0.949446
0.344425
0.752671
0.140349
0.850843
0.111616
0.925013
0.695113
0.772474
0.967586
0.210259
0.827214
0.987798
0.926281
0.997812
0.2344
0.56207
0.708157
0.000623859
0.485198
0.725344
0.849149
0.655178
0.582244
0.779972
0.987225
0.296568
0.420402
0.692748
0.0224174
0.769936
0.314439
0.776218
0.90282
0.690363
0.929688
0.268858
0.704
0.121335
0.274005
0.202411
0.929942
0.536373
0.81267
0.546695
0.299743
0.779256
0.95527
0.220899
0.652554
0.476356
0.117098
0.0694938
0.981719
0.752435
0.180979
0.71007
0.148288
0.270713
0.870026
0.523168
0.891341
0.773042
0.509436
0.0923115
0.478619
0.15379
0.750003
0.304444
0.783992
0.546777
0.685819
0.558303
0.401533
0.5618
0.170904
0.379744
0.353984
0.408484
0.391607
0.733088
0.0153935
0.718153
0.0034488
0.964027
0.401474
0.569108
0.00324118
0.474507
0.0375665
0.379433
0.135715
0.962102
0.0410496
0.920774
0.440802
0.566215
0.376282
0.16318
0.56244
0.93587
0.163589
0.447693
0.372789
0.470731
0.571172
0.691721
0.761595
0.125098
0.524448
0.398937
0.942172
0.0879195
0.662637
0.946281
0.152406
0.487562
0.449417
0.358677
0.291626
0.359317
0.0412077
0.577828
0.54713
0.616784
0.283249
0.559615
0.449178
0.331844
0.293976
0.862881
0.447599
0.789337
0.394199
0.294939
0.0418969
0.161129
0.0915068
0.954151
0.410015
0.113726
0.396957
0.661306
0.571348
0.64427
0.237656
0.287741
0.0642324
0.553992
0.935502
0.983626
0.794916
0.145721
0.124924
0.599364
0.509882
0.584392
0.881536
0.979171
0.928921
0.375264
0.0542638
0.0108748
0.771947
0.115867
0.377612
0.521247
0.606358
0.0524984
0.340439
0.751287
0.884517
0.0831456
0.427721
0.704456
0.797458
0.88445
0.948348
0.882481
0.858704
0.23726
0.635192
0.667419
0.315441
0.616193
0.349267
0.134465
0.949085
0.268619
0.682978
0.803923
0.532955
0.380601
0.759921
0.988314
0.594754
0.0300236
0.605845
0.432685
0.140806
0.527878
0.0444507
0.083559
0.376562
0.878094
0.134117
0.0993724
0.151703
0.673723
0.255611
0.0576675
0.21685
0.605944
0.100125
0.792538
0.190767
0.22007
0.719545
0.386458
0.205161
0.144402
0.972551
0.669743
0.363286
0.742767
0.682572
0.992857
0.955541
0.774563
0.0764583
0.0345424
0.55433
0.626243
0.258745
0.730378
0.465424
0.389154
0.512171
0.0564053
0.00338091
0.822962
0.514801
0.261665
0.80679
0.715135
0.280794
0.308157
0.190117
0.294651
0.195018
0.673467
0.95277
0.206375
0.55287
0.0849599
0.920823
0.267001
0.482362
0.0536971
0.487485
0.168297
0.569806
0.722039
0.309132
0.57403
0.715385
0.481187
0.305847
0.362098
0.779421
0.727194
0.948396
0.691928
0.22593
0.207975
0.440784
0.255337
0.441213
0.463319
0.00427407
0.834245
0.161744
0.437562
0.0996852
0.40963
0.64408
0.0546842
0.0775489
0.364523
0.532311
0.554097
0.714735
0.54346
0.929052
0.578877
0.18675
0.714762
0.0125126
0.298826
0.366497
0.710729
0.217067
0.241103
0.215871
0.146591
0.751598
0.112929
0.991119
0.743559
0.000890173
0.961142
0.915481
0.482371
0.202869
0.613587
0.556537
0.712635
0.262738
0.83421
0.574859
0.648851
0.23228
0.924088
0.151644
0.680233
0.680857
0.166397
0.637637
0.766515
0.820035
0.321012
0.254212
0.541668
0.822041
0.0485953
0.741997
0.738722
0.69636
0.724979
0.716364
0.936096
0.95772
0.405236
0.800634
0.26017
0.675089
0.21424
0.726149
0.390028
0.201978
0.645493
0.807831
0.209117
0.626934
0.873043
0.236023
0.831517
0.298846
0.698116
0.230175
0.553795
0.631962
0.387325
0.777591
0.975748
0.40352
0.95879
0.376931
0.0792546
0.0324668
0.669614
0.194657
0.607005
0.937577
0.849197
0.456306
0.13266
0.610625
0.766518
0.861971
0.150963
0.234252
0.0715091
0.853346
0.177877
0.570343
0.752102
0.584368
0.471742
0.564762
0.960923
0.230408
0.465759
0.00844261
0.894956
0.528593
0.0697966
0.0718988
0.40299
0.0598923
0.610589
0.170743
0.679955
0.0106141
0.391842
0.692003
0.494971
0.975177
0.793294
0.89747
0.779809
0.245044
0.462053
0.717415
0.598849
0.861351
0.729468
0.160926
0.678453
0.755724
0.452967
0.00849098
0.707935
0.270082
0.264374
0.327016
0.151153
0.435685
0.560103
0.658399
0.709976
0.563354
0.295297
0.0483021
0.813866
0.64303
0.408796
0.638137
0.173568
0.156847
0.126665
0.860006
0.116133
0.847744
0.0311468
0.484193
0.82839
0.753312
0.922979
0.505999
0.324635
0.136941
0.575466
0.860663
0.155853
0.416945
0.600062
0.248622
0.596303
0.0688335
0.88502
0.533844
0.323966
0.888792
0.924798
0.0838858
0.869471
0.194534
0.533304
0.245698
0.442172
0.585355
0.0684148
0.848317
0.664848
0.0970608
0.300209
0.606944
0.913091
0.313175
0.536311
0.770521
0.139362
0.260437
0.169494
0.682779
0.464714
0.448137
0.844927
0.696361
0.745719
0.300742
0.572963
0.790413
0.475066
0.42979
0.474189
0.692576
0.120809
0.432429
0.831355
0.589257
0.639051
0.527981
0.768413
0.723486
0.621244
0.246108
0.334034
0.109604
0.116975
0.00639095
0.412627
0.0169964
0.658602
0.126563
0.136043
0.476207
0.603062
0.663133
0.284275
0.818158
0.78804
0.590311
0.348983
0.365306
0.69519
0.0548477
0.824744
0.472184
0.00465026
0.156999
0.683892
0.164603
0.485955
0.439112
0.157412
0.628402
0.556888
0.612717
0.941714
0.390144
0.145425
0.150868
0.638265
0.312111
0.653731
0.255545
0.94965
0.766824
0.00559747
0.0766453
0.177401
0.579352
0.171132
0.208404
0.647057
0.0889161
0.413496
0.629084
0.0139231
0.00604704
0.632657
0.0629329
0.713979
0.839834
0.0823806
0.570935
0.696226
0.471109
0.937116
0.112106
0.161014
0.168459
0.287257
0.93672
0.445084
0.521256
0.754731
0.771508
0.742645
0.631321
0.614838
0.584026
0.728011
0.675711
0.667529
0.167835
0.797843
0.345321
0.812615
0.619871
0.174775
0.43506
0.0525694
0.534495
0.251892
0.549891
0.0224663
0.590778
0.211543
0.404553
0.319782
0.569395
0.829721
0.123688
0.819164
0.692857
0.841763
0.51494
0.603396
0.281396
0.429372
0.451161
0.659433
0.0830474
0.777489
0.26284
0.547575
0.0919987
0.221946
0.251719
0.643268
0.411813
0.338342
0.515579
0.332693
0.576724
0.00473147
0.521879
0.217366
0.267694
0.129708
0.995987
0.560674
0.250961
0.899985
0.0411663
0.881884
0.817488
0.515959
0.726899
0.991206
0.195047
0.161436
0.262141
0.805644
0.451722
0.0905155
0.294687
0.796833
0.366318
0.701657
0.752811
0.496667
0.483693
0.427605
0.757933
0.579017
0.536459
0.260284
0.587083
0.0971513
0.821553
0.845642
0.705297
0.931035
0.900198
0.634389
0.16768
0.1915
0.54695
0.588453
0.133499
0.723802
0.943785
0.190873
0.00180972
0.415952
0.905271
0.892819
0.610274
0.878287
0.374068
0.958954
0.13951
0.752252
0.0925922
0.197864
0.50682
0.123401
0.00487777
0.980645
0.703818
0.0756827
0.998841
0.527017
0.575267
0.512907
0.423626
0.888057
0.577976
0.0376909
0.471596
0.105996
0.47447
0.422419
0.596625
0.477413
0.880363
0.266648
0.546155
0.225008
0.706898
0.839689
0.654953
0.791646
0.196691
0.783243
0.956654
0.476731
0.420251
0.160251
0.337655
0.967149
0.869743
0.771673
0.508757
0.67858
0.898826
0.561802
0.200419
0.442128
0.837219
0.131932
0.375595
0.628425
0.935344
0.319962
0.601259
0.353733
0.183363
0.774082
0.994073
0.383951
0.0642577
0.978373
0.508155
0.553377
0.602324
0.266853
0.998411
0.286214
0.406157
0.288036
0.0254112
0.0863289
0.930163
0.243439
0.481946
0.0703265
0.978317
0.579052
0.122433
0.726605
0.0418786
0.853783
0.5307
0.478152
0.301373
0.172348
0.645133
0.753563
0.130893
0.913408
0.650645
0.385216
0.319778
0.506604
0.500094
0.0802041
0.990517
0.618812
0.365584
0.372498
0.577927
0.218102
0.642778
0.17
0.184759
0.245409
0.591761
0.723431
0.705816
0.651017
0.647458
0.818273
0.721686
0.37999
0.493865
0.382522
0.051628
0.711485
0.931747
0.871756
0.601705
0.850144
0.367633
0.809358
0.885311
0.425395
0.608749
0.245397
0.389143
0.322202
0.253341
0.900863
0.811428
0.67191
0.784731
0.978385
0.714305
0.328868
0.278662
0.466531
0.994686
0.682599
0.4455
0.52229
0.13521
0.480064
0.437641
0.427984
0.132196
0.816212
0.0759404
0.329944
0.372406
0.030144
0.630088
0.884894
0.413762
0.105484
0.865255
0.345573
0.0448019
0.98592
0.361514
0.965552
0.0269566
0.0596128
0.91254
0.0632861
0.64973
0.0073277
0.156663
0.0350877
0.719434
0.530532
0.649249
0.924487
0.844876
0.83871
0.207109
0.888297
0.601277
0.661078
0.744169
0.25008
0.102715
0.32533
0.816082
0.886116
0.94861
0.284238
0.189336
0.169378
0.742865
0.333602
0.841566
0.191458
0.82981
0.613238
0.689503
0.470305
0.413901
0.436617
0.217076
0.388223
0.866595
0.856459
0.504382
0.141227
0.596831
0.943002
0.0315271
0.875322
0.529805
0.426071
0.977467
0.282173
0.483534
0.756876
0.815752
0.339305
0.695848
0.11451
0.571232
0.691934
0.338977
0.184364
0.60437
0.640124
0.569076
0.46399
0.280685
0.47901
0.729418
0.320141
0.604062
0.476555
0.466108
0.870007
0.202945
0.901773
0.0939329
0.729947
0.211973
0.62188
0.937343
0.91957
0.208515
0.505719
0.611999
0.871241
0.943488
0.194823
0.388046
0.888976
0.0146662
0.494976
0.0564289
0.401324
0.0462973
0.118875
0.930696
0.212535
0.0723359
0.749774
0.456866
0.551321
0.0546968
0.289056
0.159056
0.25773
0.66112
0.437834
0.673747
0.672015
0.559405
0.926268
0.785394
0.117476
0.424042
0.872226
0.494235
0.61297
0.181764
0.911809
0.765922
0.843205
0.743521
0.36147
0.219694
0.396449
0.118415
0.198391
0.359792
0.0243353
0.00318256
0.489337
0.279623
0.628225
0.582802
0.145187
0.15617
0.754871
0.110163
0.504184
0.828
0.200135
0.666701
0.241891
0.456469
0.881108
0.786573
0.931195
0.592124
0.822143
0.750564
0.729259
0.654198
0.10443
0.153044
0.202272
0.586502
0.332284
0.699791
0.384623
0.3548
0.120186
0.971276
0.234054
0.747685
0.333863
0.229989
0.432133
0.852513
0.185609
0.52508
0.0205438
0.280154
0.548775
0.255911
0.103175
0.0702842
0.266989
0.284074
0.433822
0.244906
0.130464
0.7044
0.849894
0.175104
0.967284
0.147088
0.10247
0.207443
0.494708
0.5553
0.930156
0.139737
0.560057
0.885989
0.814853
0.229903
0.976656
0.656509
0.954443
0.320938
0.999302
0.271516
0.364979
0.20456
0.0443837
0.95708
0.648133
0.172404
0.600219
0.872628
0.265985
0.412306
0.619015
0.786045
0.0653455
0.262428
0.620728
0.571025
0.214494
0.99674
0.211766
0.144895
0.256301
0.653276
0.613495
0.01354
0.56717
0.421054
0.654748
0.357852
0.413886
0.189327
0.0187254
0.717879
0.399871
0.639258
0.00291391
0.974077
0.311408
0.826217
0.225886
0.459497
0.758404
0.502886
0.00644867
0.382868
0.8708
0.528329
0.618582
0.501597
0.336804
0.658874
0.700967
0.144325
0.67126
0.872987
0.289712
0.190457
0.0101202
0.089973
0.175964
0.419146
0.592326
0.215824
0.348198
0.168354
0.520105
0.398556
0.528024
0.496152
0.821487
0.736827
0.848179
0.344655
0.613923
0.208873
0.532067
0.442023
0.0735984
0.96803
0.682397
0.0528448
0.162345
0.535301
0.809181
0.899715
0.512688
0.73901
0.532641
0.0898544
0.183515
0.335297
0.334128
0.683939
0.969605
0.156528
0.773355
0.78457
0.272785
0.690698
0.55684
0.807259
0.609945
0.349596
0.653812
0.614841
0.633484
0.967681
0.809779
0.960874
0.411275
0.298136
0.778751
0.4697
0.243228
0.935903
0.718225
0.206849
0.519132
0.0460957
0.729752
0.945013
0.836488
0.850977
0.372094
0.79159
0.260523
0.603774
0.63321
0.352708
0.955132
0.904695
0.204874
0.315187
0.3562
0.650316
0.863134
0.686851
0.903911
0.0286621
0.72448
0.336776
0.186289
0.956931
0.132843
0.697758
0.210437
0.811101
0.171024
0.397377
0.718864
0.940021
0.934618
0.125046
0.648336
0.581926
0.424383
0.605814
0.921696
0.941082
0.760218
0.990632
0.549951
0.0186906
0.132703
0.340642
0.170495
0.509078
0.0753081
0.703096
0.93068
0.946784
0.595584
0.974087
0.479724
0.722513
0.278926
0.909428
0.748177
0.608724
0.820218
0.409399
0.766418
0.183136
0.969353
0.913743
0.28452
0.926245
0.393719
0.235573
0.281659
0.839448
0.598604
0.731613
0.217021
0.466186
0.184175
0.428463
0.178456
0.317091
0.341359
0.219772
0.710161
0.682737
0.76877
0.718495
0.744103
0.140012
0.17731
0.0466117
0.402556
0.758578
0.417828
0.433913
0.775367
0.593064
0.622702
0.75685
0.371884
0.250561
0.181567
0.601659
0.0822922
0.0844612
0.538955
0.211219
0.950048
0.459031
0.926386
0.763712
0.704277
0.786792
0.606011
0.231845
0.624711
0.518962
0.195198
0.700202
0.288336
0.0701215
0.532671
0.605174
0.164593
0.312852
0.100267
0.188172
0.601696
0.704847
0.36169
0.924709
0.590347
0.963675
0.486919
0.647187
0.272131
0.707501
0.975833
0.820137
0.0379095
0.145614
0.338626
0.291005
0.928021
0.252187
0.499218
0.363731
0.221515
0.995532
0.908824
0.599156
0.0147778
0.370845
0.789628
0.272074
0.743869
0.209359
0.69183
0.580485
0.208907
0.107101
0.0396607
0.57708
0.977747
0.992074
0.782064
0.151026
0.294863
0.757244
0.997995
0.298058
0.454441
0.782591
0.00126308
0.228626
0.51772
0.319957
0.523995
0.781161
0.964702
0.748995
0.360311
0.75446
0.212033
0.638503
0.317749
0.405808
0.408809
0.846111
0.593839
0.658403
0.784163
0.422859
0.9964
0.488319
0.179026
0.893471
0.558941
0.123764
0.108603
0.298539
0.551413
0.591426
0.0930885
0.539049
0.800938
0.368013
0.196954
0.212464
0.874291
0.213712
0.861326
0.298021
0.839749
0.660978
0.0492659
0.0113426
0.634963
0.816309
0.708508
0.90025
0.502979
0.574972
0.555261
0.265551
0.117259
0.767687
0.510906
0.79701
0.354991
0.327431
0.140108
0.794493
0.0515824
0.945343
0.378057
0.999995
0.919317
0.968465
0.984054
0.991502
0.178904
0.838231
0.145465
0.822083
0.748072
0.845901
0.0634082
0.702234
0.453634
0.220516
0.20889
0.822205
0.792714
0.136592
0.693504
0.714192
0.425535
0.958457
0.790918
0.963713
0.120528
0.708397
0.0357767
0.299659
0.361841
0.469059
0.466183
0.130387
0.407439
0.834492
0.311425
0.127295
0.445259
0.473804
0.230793
0.934151
0.282429
0.786375
0.608168
0.479732
0.860289
0.87515
0.640048
0.279637
0.858307
0.571036
0.402525
0.239725
0.0624878
0.232496
0.559703
0.928586
0.740591
0.106143
0.9509
0.780182
0.523924
0.59417
0.212622
0.531345
0.32004
0.911894
0.204988
0.236184
0.547715
0.44524
0.14173
0.0501512
0.891118
0.0271151
0.723276
0.106197
0.855274
0.591291
0.83261
0.672472
0.235529
0.536713
0.53133
0.0700153
0.746373
0.296816
0.582732
0.980646
0.717949
0.572731
0.89429
0.325116
0.21625
0.512991
0.833178
0.218653
0.898935
0.398013
0.409643
0.864362
0.327224
0.649334
0.3623
0.169569
0.950566
0.163629
0.10831
0.35981
0.332935
0.632276
0.657673
0.515516
0.271627
0.229794
0.153777
0.537243
0.441624
0.366235
0.312504
0.260697
0.532847
0.557722
0.640654
0.475495
0.640051
0.343226
0.595026
0.600553
0.493968
0.124148
0.562865
0.0754773
0.547383
0.872902
0.862041
0.327355
0.863546
0.617573
0.545043
0.539705
0.827325
0.847257
0.856455
0.441591
0.8116
0.553348
0.114355
0.957482
0.399142
0.387362
0.400602
0.914172
0.495579
0.202373
0.282203
0.978114
0.153576
0.156439
0.272751
0.13025
0.117445
0.905531
0.262782
0.572547
0.795647
0.43602
0.182925
0.415446
0.406026
0.0792946
0.704479
0.186512
0.714481
0.279478
0.194644
0.377379
0.610537
0.298164
0.237206
0.716687
0.359262
0.111307
0.739792
0.685377
0.129013
0.328243
0.779902
0.820633
0.382969
0.559891
0.0868288
0.330948
0.238819
0.825908
0.0398669
0.0426685
0.128911
0.600748
0.765714
0.352089
0.565431
0.199728
0.826576
0.263288
0.0735014
0.338653
0.740457
0.866405
0.668701
0.851641
0.525317
0.998376
0.699329
0.617446
0.420631
0.53987
0.593893
0.555712
0.846747
0.283821
0.175652
0.190735
0.684352
0.899985
0.0517644
0.00467002
0.489074
0.864533
0.207636
0.741269
0.502211
0.659383
0.25286
0.825885
0.655257
0.90929
0.434252
0.467019
0.190574
0.970774
0.805463
0.419403
0.905309
0.528707
0.97746
0.173457
0.288499
0.803186
0.143284
0.182065
0.969396
0.641026
0.721327
0.335523
0.131335
0.35455
0.915008
0.531037
0.145873
0.686139
0.939419
0.80987
0.48974
0.0596921
0.244372
0.160115
0.0457237
0.478108
0.569304
0.292992
0.319655
0.439171
0.149648
0.13487
0.75582
0.0646801
0.0791203
0.775065
0.516103
0.146806
0.360775
0.540554
0.0857994
0.0304677
0.0700058
0.587401
0.455019
0.50894
0.752038
0.506891
0.321788
0.286836
0.855915
0.35546
0.209364
0.780147
0.937038
0.805459
0.345216
0.045804
0.827604
0.537443
0.808296
0.0380587
0.653041
0.657657
0.24703
0.827704
0.216278
0.989907
0.358567
0.44003
0.584758
0.0311872
0.162473
0.686722
0.734827
0.231705
0.27318
0.32866
0.795409
0.444057
0.266701
0.451326
0.443208
0.00161723
0.180787
0.488238
0.821212
0.10852
0.903575
0.379061
0.87222
0.395319
0.13363
0.913627
0.325119
0.279041
0.842618
0.876661
0.0473001
0.97298
0.874192
0.552085
0.889831
0.390518
0.435928
0.643461
0.644243
0.788204
0.349357
0.647718
0.201569
0.773916
0.206765
0.091119
0.437098
0.303449
0.0742718
0.286834
0.818308
0.306863
0.43922
0.962627
0.876358
0.950397
0.319797
0.827283
0.150858
0.465618
0.634461
0.390795
0.0932938
0.989254
0.386767
0.388901
0.255255
0.0705212
0.249607
0.145798
0.418694
0.9864
0.429427
0.373198
0.341852
0.511043
0.103414
0.0869758
0.803047
0.815228
0.543312
0.444303
0.404303
0.119389
0.571706
0.65774
0.638918
0.286989
0.417927
0.102606
0.495386
0.948291
0.925572
0.0948579
0.276949
0.678475
0.13247
0.430729
0.269393
0.679819
0.714352
0.121448
0.181669
0.30397
0.815451
0.279666
0.345366
0.558017
0.589184
0.409668
0.284754
0.864419
0.288919
0.855729
0.238811
0.703061
0.347783
0.19353
0.658345
0.802525
0.0391783
0.469054
0.38493
0.522357
0.258612
0.495426
0.625774
0.376813
0.0903387
0.322879
0.635278
0.112298
0.388658
0.175772
0.204836
0.674969
0.20766
0.145251
0.236382
0.871995
0.625918
0.795922
0.0528162
0.682352
0.296845
0.0702463
0.628822
0.610913
0.607128
0.00820063
0.828009
0.345774
0.41854
0.406268
0.149775
0.261561
0.0616308
0.829636
0.69294
0.242996
0.0287252
0.784293
0.615419
0.344905
0.814316
0.206563
0.704048
0.926793
0.605774
0.24296
0.421555
0.0723994
0.817451
0.891125
0.143695
0.0739272
0.493645
0.689586
0.8794
0.0833017
0.0512711
0.712943
0.434626
0.75399
0.308904
0.752891
0.832032
0.954784
0.0474611
0.678238
0.151904
0.0443841
0.962892
0.328371
0.92779
0.372017
0.491097
0.870858
0.516234
0.343696
0.490633
0.0764459
0.825657
0.811668
0.712077
0.872338
0.384235
0.843217
0.947963
0.407479
0.497388
0.604422
0.521023
0.828637
0.897979
0.339566
0.0822205
0.879807
0.915563
0.874258
0.662154
0.815236
0.669236
0.849454
0.770999
0.175025
0.638529
0.763326
0.224033
0.321732
0.350668
0.676446
0.0320155
0.0853403
0.315028
0.681482
0.672678
0.693255
0.532261
0.706247
0.89182
0.816567
0.0431439
0.119901
0.181718
0.141678
0.176774
0.0412773
0.747155
0.4279
0.715123
0.075897
0.600952
0.206118
0.222223
0.900766
0.172251
0.0142746
0.912739
0.398962
0.360286
0.319139
0.770698
0.117437
0.763425
0.885205
0.632031
0.551866
0.215812
0.157888
0.619393
0.137859
0.988681
0.766399
0.86599
0.692851
0.752192
0.0901002
0.314507
0.91603
0.721206
0.305468
0.998889
0.326207
0.565603
0.0917641
0.278986
0.913971
0.106912
0.877885
0.61246
0.621209
0.667541
0.362134
0.382261
0.657734
0.536469
0.433386
0.925928
0.0663919
0.84826
0.697683
0.956325
0.94804
0.699995
0.816138
0.831629
0.182578
0.58693
0.534683
0.413212
0.853315
0.672699
0.0508562
0.739829
0.302348
0.556602
0.811764
0.31946
0.161614
0.241469
0.376918
0.859771
0.167019
0.0838615
0.459676
0.780125
0.565306
0.100842
0.853667
0.582923
0.191424
0.261043
0.357033
0.647712
0.0968415
0.614338
0.183241
0.732631
0.331749
0.697989
0.103484
0.247984
0.867006
0.773506
0.30966
0.463126
0.766032
0.704145
0.57258
0.350738
0.856371
0.0355718
0.855266
0.456251
0.203557
0.179681
0.890798
0.636997
0.00633538
0.478738
0.143504
0.866682
0.324813
0.129147
0.575503
0.471821
0.903204
0.14508
0.367821
0.971134
0.849931
0.781932
0.933282
0.665327
0.157908
0.959331
0.474116
0.465472
0.183558
0.0599583
0.719062
0.281965
0.986607
0.898548
0.898624
0.174388
0.944218
0.464723
0.607565
0.347919
0.476459
0.838782
0.403445
0.694877
0.798175
0.922673
0.36545
0.112019
0.71135
0.652693
0.811478
0.504376
0.0423108
0.117491
0.674864
0.444838
0.388441
0.529218
0.559211
0.663297
0.0354591
0.961277
0.190546
0.507192
0.370031
0.107441
0.754788
0.726138
0.200515
0.0601088
0.249281
0.660752
0.25787
0.0209701
0.444946
0.213599
0.95446
0.603554
0.940274
0.18048
0.326949
0.0242188
0.0460611
0.148109
0.260046
0.591587
0.806666
0.633571
0.4333
0.467374
0.157321
0.0995364
0.908471
0.666482
0.560351
0.81412
0.910544
0.517467
0.0634973
0.199306
0.733691
0.151993
0.544532
0.956017
0.777405
0.848502
0.774431
0.854839
0.284849
0.451404
0.739713
0.355824
0.338161
0.463773
0.631396
0.866215
0.479917
0.961211
0.070221
0.204897
0.699455
0.743682
0.0652465
0.598521
0.343258
0.131998
0.488399
0.521
0.45189
0.920217
0.0786643
0.110337
0.435536
0.0584887
0.0196055
0.509338
0.43547
0.949674
0.162487
0.922958
0.149195
0.524158
0.526874
0.17348
0.675844
0.903735
0.0757722
0.502522
0.894404
0.248163
0.883143
0.986286
0.50182
0.0943539
0.805509
0.197853
0.311267
0.470697
0.000126706
0.129541
0.18828
0.429361
0.266662
0.79071
0.456187
0.139413
0.119684
0.522286
0.0672911
0.961992
0.198228
0.624221
0.277149
0.0416154
0.430032
0.547404
0.216828
0.233756
0.734313
0.594685
0.863431
0.692246
0.572174
0.534886
0.836408
0.513333
0.595028
0.640211
0.0179433
0.572664
0.770432
0.648558
0.321812
0.699707
0.98339
0.841015
0.939289
0.637253
0.318521
0.384529
0.786732
0.608989
0.282829
0.509579
0.490224
0.195524
0.170091
0.714423
0.300918
0.52403
0.36759
0.0922181
0.910096
0.981398
0.355252
0.715513
0.634887
0.537468
0.225612
0.862187
0.775068
0.566017
0.0476707
0.201148
0.698353
0.220884
0.401732
0.903744
0.222892
0.153246
0.604272
0.000946715
0.911441
0.591997
0.701263
0.124991
0.719689
0.812177
0.254968
0.245295
0.668713
0.0565379
0.232521
0.982375
0.771757
0.911699
0.921847
0.478365
0.88753
0.709619
0.571422
0.885504
0.671955
0.55566
0.974624
0.502266
0.58803
0.0226093
0.995301
0.0157769
0.162273
0.318795
0.994716
0.198831
0.748968
0.912455
0.630259
0.767586
0.811672
0.776919
0.677343
0.10609
0.0619108
0.534408
0.803025
0.441217
0.53272
0.42123
0.619148
0.024986
0.940454
0.204936
0.356539
0.356441
0.703588
0.2101
0.148964
0.635898
0.53254
0.393698
0.87649
0.175207
0.697857
0.874343
0.0885708
0.610051
0.123472
0.194603
0.699896
0.159297
0.302683
0.191275
0.759885
0.379434
0.153379
0.833412
0.16036
0.168397
0.242031
0.81632
0.888221
0.326424
0.213639
0.636273
0.836148
0.14565
0.938731
0.254375
0.278265
0.806917
0.849348
0.996325
0.227142
0.567441
0.974718
0.0786527
0.916038
0.851118
0.746076
0.295752
0.695822
0.684317
0.318342
0.366797
0.759769
0.444763
0.12601
0.849345
0.94812
0.0557581
0.12571
0.808624
0.537235
0.310913
0.518536
0.0296084
0.628286
0.603755
0.306947
0.852304
0.667485
0.421179
0.760244
0.41809
0.83567
0.105999
0.525182
0.730376
0.423032
0.898008
0.825826
0.66211
0.0804321
0.82271
0.286147
0.269878
0.843912
0.634168
0.466653
0.0330596
0.631857
0.613905
0.897995
0.596998
0.742162
0.515432
0.866406
0.680552
0.0427137
0.889241
0.4742
0.882089
0.262678
0.828642
0.978434
0.540504
0.245014
0.956077
0.790837
0.600542
0.316535
0.00394977
0.383729
0.336451
0.724719
0.347655
0.0421094
0.732699
0.470535
0.278686
0.879403
0.122161
0.168155
0.175426
0.379396
0.516693
0.0591348
0.879157
0.99117
0.587421
0.788348
0.757868
0.487409
0.889456
0.0869093
0.683976
0.58122
0.565075
0.207795
0.416784
0.886941
0.815295
0.670247
0.833927
0.816298
0.517742
0.690094
0.414429
0.300643
0.901991
0.764419
0.588315
0.804646
0.677958
0.432658
0.691354
0.589494
0.627937
0.731137
0.214976
0.101233
0.43032
0.39075
0.330228
0.14863
0.0325633
0.291583
0.642177
0.0659924
0.133831
0.293633
0.0869
0.528992
0.774881
0.421449
0.293167
0.257616
0.756989
0.710538
0.0121008
0.378246
0.186956
0.164967
0.598341
0.319714
0.424797
0.568786
0.592383
0.173188
0.773239
0.83497
0.341276
0.825149
0.283706
0.24326
0.469342
0.231809
0.0100195
0.397349
0.243201
0.482918
0.405579
0.566473
0.717185
0.724264
0.70287
0.138829
0.295216
0.699263
0.506922
0.834031
0.554847
0.315912
0.536529
0.444995
0.0331876
0.783277
0.539551
0.229985
0.35749
0.331813
0.778201
0.220608
0.763739
0.158743
0.998322
0.791878
0.0932703
0.594388
0.876498
0.302384
0.171294
0.933377
0.271457
0.378897
0.124227
0.880566
0.675257
0.0479292
0.545584
0.633699
0.585176
0.0542152
0.195616
0.724483
0.389766
0.800221
0.314861
0.875713
0.101443
0.960751
0.346919
0.660757
0.350974
0.820072
0.957698
0.0284895
0.822871
0.999268
0.703205
0.769969
0.869075
0.535375
0.049162
0.265728
0.0882681
0.52215
0.778893
0.847214
0.121651
0.595064
0.248293
0.0522272
0.783242
0.953121
0.102469
0.196389
0.710726
0.177409
0.717128
0.767355
0.939024
0.178517
0.3385
0.164314
0.62221
0.487231
0.885399
0.8958
0.708893
0.358045
0.65418
0.794805
0.286261
0.19475
0.155586
0.932682
0.593115
0.475339
0.022313
0.0149767
0.713245
0.502811
0.751881
0.858612
0.693466
0.0826346
0.839702
0.873183
0.588808
0.0901048
0.390973
0.0815109
0.953833
0.0677588
0.822272
0.9315
0.717289
0.469423
0.58837
0.726683
0.360377
0.860654
0.0172793
0.41363
0.883409
0.454366
0.536342
0.293818
0.191355
0.0983259
0.563592
0.290792
0.338788
0.00184776
0.0553726
0.646719
0.411851
0.97423
0.882765
0.627863
0.491155
0.848963
0.525653
0.647179
0.144498
0.572869
0.210494
0.772796
0.377419
0.273889
0.252355
0.337238
0.964519
0.675081
0.0910506
0.288169
0.261161
0.333071
0.928537
0.928067
0.0258501
0.462628
0.38952
0.667406
0.0893475
0.663415
0.0220958
0.364889
0.693358
0.267277
0.130155
0.514393
0.397609
0.615443
0.751166
0.854462
0.950699
0.399379
0.355052
0.358185
0.0175627
0.17618
0.0499748
0.926719
0.359981
0.196709
0.0905883
0.51746
0.95273
0.528893
0.10163
0.0894791
0.874892
0.310198
0.502534
0.0957685
0.581106
0.64328
0.609189
0.635827
0.345549
0.641617
0.658841
0.134935
0.85529
0.867299
0.686252
0.840017
0.162904
0.927524
0.903936
0.456576
0.671395
0.130389
0.443222
0.238309
0.256351
0.486996
0.939361
0.844985
0.654979
0.239047
0.659697
0.521385
0.919029
0.125916
0.277745
0.062661
0.143449
0.95171
0.390917
0.148875
0.148627
0.968177
0.147773
0.626627
0.711753
0.43903
0.769057
0.543379
0.579101
0.949543
0.965141
0.131904
0.906998
0.919846
0.854029
0.660439
0.990599
0.996113
0.666625
0.972394
0.028073
0.822293
0.279985
0.700954
0.939428
0.964056
0.888988
0.217284
0.896204
0.508904
0.151478
0.882327
0.265239
0.867651
0.61414
0.851895
0.803429
0.229833
0.796275
0.991758
0.478212
0.315261
0.585583
0.893542
0.767128
0.121418
0.669426
0.0359586
0.355453
0.0985964
0.109734
0.304977
0.742945
0.675576
0.399985
0.552733
0.78471
0.614972
0.8265
0.977381
0.842081
0.852866
0.113497
0.536958
0.661069
0.582462
0.441113
0.791094
0.909993
0.255156
0.40935
0.939308
0.944599
0.879328
0.860528
0.895374
0.550368
0.0346533
0.417322
0.930679
0.926385
0.757102
0.616948
0.0453723
0.571417
0.802998
0.99564
0.714494
0.508307
0.114592
0.942379
0.566841
0.903758
0.46437
0.671358
0.51923
0.695871
0.510174
0.488592
0.764484
0.685734
0.131886
0.606718
0.107564
0.825754
0.450846
0.369712
0.744331
0.963658
0.197237
0.957691
0.915443
0.846483
0.835683
0.318417
0.642106
0.868404
0.258964
0.404397
0.698055
0.205689
0.0177731
0.711967
0.0251863
0.306329
0.469668
0.711042
0.490606
0.607393
0.455883
0.0240488
0.188098
0.370034
0.155645
0.926172
0.167869
0.366609
0.601526
0.854406
0.993335
0.974337
0.688436
0.537014
0.590969
0.420498
0.302867
0.278864
0.864999
0.0348687
0.0378942
0.888182
0.678685
0.65538
0.977179
0.445893
0.118658
0.289726
0.41655
0.962897
0.417144
0.945539
0.674873
0.593667
0.768646
0.637729
0.3037
0.285263
0.40731
0.661875
0.140207
0.452132
0.98762
0.922679
0.467898
0.965622
0.203349
0.688907
0.458604
0.754984
0.0115585
0.26431
0.251818
0.307175
0.689283
0.777369
0.241674
0.808433
0.3366
0.22941
0.699516
0.760305
0.445653
0.0847589
0.543552
0.472391
0.470239
0.308163
0.292565
0.148253
0.687018
0.70968
0.599896
0.456984
0.522118
0.231778
0.497776
0.129338
0.783204
0.301849
0.169948
0.313433
0.870946
0.990172
0.818101
0.827143
0.791007
0.458505
0.0946099
0.108351
0.0491447
0.975248
0.991681
0.179429
0.655078
0.896686
0.595734
0.498721
0.0088708
0.0915429
0.561777
0.783103
0.617999
0.715192
0.223572
0.574954
0.25498
0.453269
0.0889842
0.558094
0.890019
0.545228
0.652023
0.552274
0.0697262
0.887643
0.618081
0.0800712
0.757046
0.678045
0.898733
0.0101441
0.492246
0.180653
0.233116
0.973677
0.592193
0.979618
0.440261
0.463674
0.971022
0.963007
0.264752
0.684641
0.754727
0.695042
0.577164
0.398694
0.852547
0.760643
0.122718
0.524025
0.289871
0.858451
0.985131
0.0918564
0.829846
0.215052
0.382354
0.219192
0.960337
0.380414
0.615809
0.895006
0.357527
0.953114
0.987143
0.914025
0.0156167
0.470348
0.131041
0.411832
0.661072
0.641721
0.396478
0.610715
0.289116
0.168956
0.635508
0.979362
0.13742
0.612382
0.307041
0.442023
0.0854501
0.159103
0.0463217
0.528669
0.345105
0.180533
0.217192
0.338279
0.459298
0.428312
0.64197
0.596871
0.608405
0.461097
0.653726
0.167683
0.254291
0.876577
0.631937
0.962147
0.797847
0.419964
0.333315
0.0272791
0.479246
0.691865
0.17398
0.0849477
0.715925
0.559796
0.498363
0.981269
0.193233
0.667081
0.63131
0.428402
0.155224
0.849355
0.113702
0.984884
0.940922
0.0718259
0.17714
0.190928
0.930457
0.185701
0.0746863
0.253339
0.863257
0.762831
0.901765
0.967211
0.917704
0.859243
0.303449
0.060141
0.789785
0.92286
0.508764
0.798237
0.962543
0.466807
0.619801
0.998838
0.466961
0.212811
0.707252
0.781708
0.16388
0.327619
0.297097
0.316564
0.49192
0.6931
0.935719
0.623571
0.353211
0.415973
0.262531
0.354491
0.926646
0.144728
0.450531
0.0820421
0.880992
0.828198
0.52168
0.880208
0.658254
0.272406
0.322475
0.83048
0.876316
0.244311
0.128563
0.761178
0.110389
0.308116
0.501238
0.313533
0.541918
0.0161662
0.704852
0.452287
0.587239
0.718422
0.524064
0.951285
0.252563
0.833368
0.415756
0.606176
0.993171
0.229421
0.886749
0.596199
0.310342
0.909564
0.0365754
0.723502
0.896795
0.438555
0.795274
0.172524
0.616143
0.508026
0.398879
0.963611
0.417305
0.652849
0.427962
0.764338
0.231754
0.0879821
0.714929
0.815205
0.156993
0.581443
0.311001
0.993955
0.402898
0.510286
0.377794
0.58764
0.465899
0.36476
0.527807
0.844583
0.902716
0.955802
0.166975
0.35259
0.987412
0.44068
0.51371
0.929976
0.099327
0.388638
0.833099
0.901408
0.96035
0.603772
0.601415
0.984348
0.940374
0.858973
0.762662
0.0649988
0.434709
0.156476
0.890976
0.626126
0.293305
0.572339
0.305785
0.326216
0.713521
0.149579
0.974887
0.92955
0.945589
0.507795
0.512442
0.614057
0.462742
0.311315
0.266012
0.870304
0.204807
0.195774
0.376295
0.39235
0.228285
0.780598
0.518235
0.972021
0.753182
0.725633
0.714945
0.0824378
0.532629
0.902621
0.347621
0.470608
0.509323
0.190916
0.718494
0.729972
0.642963
0.281862
0.248513
0.761573
0.758494
0.00827651
0.103317
0.454408
0.232741
0.684655
0.998484
0.51913
0.0236459
0.415893
0.909503
0.0120895
0.18748
0.9768
0.076416
0.324012
0.666444
0.923665
0.0398423
0.629341
0.34024
0.408887
0.171334
0.603339
0.312978
0.220349
0.406653
0.625233
0.284072
0.400774
0.80826
0.423367
0.531428
0.70566
0.0297462
0.944946
0.71263
0.17442
0.477657
0.978307
0.410735
0.226136
0.673564
0.591948
0.864011
0.424863
0.664382
0.274842
0.276729
0.990326
0.402792
0.718746
0.965692
0.383274
0.692463
0.22853
0.896206
0.533633
0.771313
0.449361
0.411911
0.989371
0.364287
0.56861
0.631971
0.541511
0.176839
0.133341
0.0553524
0.307579
0.482685
0.483473
0.728402
0.244273
0.489143
0.0197294
0.591357
0.94416
0.496761
0.0597376
0.00971659
0.306713
0.931451
0.8977
0.640605
0.652373
0.436972
0.183367
0.85579
0.263297
0.239083
0.267779
0.555669
0.129607
0.308605
0.731656
0.937238
0.154468
0.145729
0.26703
0.976941
0.450397
0.828173
0.101744
0.00420807
0.724974
0.643431
0.144877
0.948955
0.0924697
0.137497
0.904898
0.625791
0.66923
0.747005
0.917397
0.683025
0.602315
0.1162
0.973425
0.352484
0.20385
0.0994925
0.169678
0.784499
0.0668768
0.99902
0.527542
0.392114
0.264128
0.197277
0.638707
0.740945
0.0658256
0.331138
0.435466
0.871954
0.92872
0.997992
0.259654
0.998752
0.0264129
0.920947
0.357568
0.63846
0.593999
0.343263
0.223393
0.55802
0.635109
0.275076
0.194961
0.708239
0.372113
0.106002
0.569853
0.527497
0.6409
0.614578
0.206998
0.0172137
0.310627
0.706528
0.623373
0.0218651
0.486771
0.160615
0.452777
0.814921
0.374957
0.898786
0.894119
0.464874
0.1322
0.877066
0.845488
0.121632
0.277121
0.5647
0.904642
0.326027
0.531005
0.600582
0.981482
0.772324
0.455829
0.109875
0.661294
0.375795
0.991565
0.232905
0.436636
0.548694
0.90767
0.203323
0.247318
0.675836
0.772227
0.820981
0.233593
0.999197
0.508693
0.608169
0.497396
0.7316
0.99446
0.887671
0.0808656
0.108412
0.0829753
0.56577
0.890924
0.762891
0.905055
0.25766
0.494528
0.524235
0.813237
0.0660956
0.867936
0.395151
0.296863
0.381125
0.563891
0.310773
0.165295
0.109825
0.829854
0.355905
0.691644
0.467369
0.0768667
0.898599
0.745677
0.590212
0.685077
0.0878358
0.256163
0.328753
0.349004
0.712309
0.779971
0.979362
0.140952
0.986644
0.530903
0.891548
0.245696
0.409124
0.14871
0.361318
0.675345
0.520614
0.951703
0.277871
0.172487
0.985041
0.583389
0.0199099
0.625956
0.435342
0.794264
0.201384
0.660801
0.0747238
0.882617
0.143114
0.316581
0.781602
0.382596
0.292407
0.484589
0.493361
0.917693
0.658335
0.631701
0.00630876
0.031337
0.680498
0.128539
0.362437
0.479962
0.718009
0.569411
0.0974094
0.160519
0.846647
0.593932
0.210061
0.492336
0.684334
0.600503
0.646574
0.962429
0.542277
0.0540239
0.980052
0.73884
0.689265
0.470023
0.680867
0.332435
0.227958
0.288032
0.947692
0.852562
0.00519747
0.353898
0.95654
0.569865
0.725785
0.260776
0.857157
0.244831
0.882619
0.182771
0.840556
0.230118
0.590163
0.865488
0.259018
0.320167
0.0390416
0.171994
0.707445
0.0259895
0.804815
0.525322
0.0879469
0.124169
0.906336
0.785997
0.248036
0.739586
0.216255
0.603588
0.495707
0.346728
0.459324
0.86238
0.0150191
0.425599
0.0354781
0.279677
0.535334
0.361081
0.691701
0.421201
0.127646
0.341353
0.117324
0.856559
0.190738
0.732556
0.0713687
0.493495
0.170764
0.0304914
0.469658
0.540219
0.457736
0.169676
0.751451
0.630231
0.291923
0.354569
0.24788
0.11877
0.174939
0.204249
0.812896
0.336039
0.814737
0.290901
0.167934
0.462547
0.0298826
0.237675
0.608762
0.460892
0.219134
0.977787
0.674343
0.675853
0.0627071
0.917569
0.576315
0.123012
0.459221
0.134087
0.593739
0.971021
0.955144
0.109136
0.250883
0.592882
0.564173
0.052924
0.493379
0.225038
0.219141
0.1077
0.11495
0.972716
0.432322
0.0362827
0.802892
0.210823
0.30502
0.471937
0.841864
0.207906
0.282055
0.497353
0.0144594
0.0192446
0.443674
0.827368
0.578529
0.328719
0.781035
0.863195
0.724214
0.868695
0.151768
0.757467
0.746998
0.797284
0.958112
0.991006
0.832363
0.52507
0.851771
0.722663
0.78943
0.941526
0.221758
0.0934761
0.0529112
0.279137
0.463334
0.255894
0.813949
0.0419835
0.616605
0.28751
0.185316
0.614157
0.134968
0.405596
0.845102
0.622699
0.703061
0.35086
0.906597
0.175902
0.387595
0.307779
0.848104
0.08701
0.3766
0.513982
0.501303
0.394542
0.0661342
0.517954
0.259385
0.487481
0.0936544
0.0491054
0.314631
0.0046598
0.317225
0.593975
0.930734
0.841813
0.352193
0.303525
0.336703
0.966706
0.429399
0.914402
0.348969
0.115281
0.529669
0.146675
0.171292
0.905116
0.27736
0.588001
0.52803
0.5986
0.675089
0.228826
0.884393
0.991781
0.864531
0.178121
0.678885
0.0189764
0.935936
0.268872
0.930549
0.735307
0.307481
0.836442
0.0773135
0.408685
0.765801
0.814631
0.509959
0.878618
0.929768
0.605021
0.582182
0.727224
0.457106
0.585676
0.462066
0.93952
0.516169
0.258356
0.185064
0.364762
0.558803
0.805851
0.931442
0.738728
0.798809
0.578581
0.208364
0.972309
0.604847
0.655844
0.769882
0.406988
0.252042
0.0765768
0.026991
0.63818
0.88444
0.790629
0.108971
0.47725
0.135903
0.126156
0.311644
0.808835
0.087609
0.444368
0.499899
0.801849
0.675247
0.874826
0.206739
0.664459
0.55847
0.202174
0.944589
0.707478
0.58997
0.618472
0.650912
0.884635
0.0614634
0.0145218
0.067206
0.531244
0.62206
0.960089
0.219679
0.142094
0.17154
0.0803233
0.99402
0.486643
0.00167296
0.117411
0.328902
0.850961
0.0969989
0.260338
0.505587
0.405309
0.025687
0.722043
0.369188
0.936486
0.52104
0.123105
0.0300239
0.612454
0.520014
0.882225
0.562472
0.473298
0.712631
0.18103
0.564986
0.719727
0.44533
0.654983
0.302636
0.396415
0.550902
0.0104724
0.0103396
0.778123
0.905642
0.13113
0.896026
0.512368
0.370088
0.0612724
0.805567
0.168892
0.572162
0.326457
0.754942
0.305472
0.0730758
0.185712
0.266706
0.531781
0.644146
0.164411
0.257057
0.363512
0.547496
0.762902
0.0922885
0.0935538
0.359216
0.349039
0.30626
0.317207
0.294492
0.525543
0.799572
0.405396
0.493015
0.109119
0.964278
0.616453
0.725042
0.776975
0.62183
0.10237
0.525417
0.684732
0.290658
0.0919838
0.971124
0.679107
0.749063
0.495565
0.960895
0.76409
0.0631557
0.458652
0.557707
0.376157
0.067029
0.556702
0.493334
0.468241
0.719951
0.215187
0.653886
0.869751
0.903637
0.424743
0.653814
0.658487
0.192916
0.346364
0.331325
0.585846
0.306695
0.627638
0.711155
0.388469
0.993256
0.655839
0.681564
0.0504347
0.655491
0.838461
0.0208477
0.387655
0.324744
0.974407
0.852976
0.975235
0.773109
0.636371
0.481936
0.890614
0.552143
0.868392
0.061132
0.445717
0.16178
0.0323106
0.0440121
0.710793
0.291467
0.67799
0.97624
0.666529
0.357946
0.990273
0.517335
0.847234
0.468655
0.679846
0.172807
0.368436
0.297702
0.479374
0.837018
0.758193
0.955247
0.840164
0.639334
0.285288
0.831235
0.573333
0.00365295
0.395086
0.217107
0.925195
0.754441
0.883491
0.832123
0.498578
0.600018
0.505956
0.594161
0.071769
0.222055
0.0718626
0.795364
0.686803
0.106316
0.852509
0.117689
0.00700786
0.781131
0.47639
0.693728
0.481315
0.457267
0.287744
0.111411
0.487686
0.538047
0.954696
0.580133
0.291162
0.556813
0.364417
0.758891
0.674501
0.335984
0.882102
0.485695
0.0683518
0.788048
0.725009
0.23214
0.578369
0.64158
0.0358301
0.196511
0.763231
0.623715
0.780981
0.941158
0.0417945
0.440699
0.825842
0.933331
0.491526
0.0740547
0.636747
0.798422
0.0713285
0.817494
0.618408
0.580501
0.483205
0.231261
0.808563
0.512749
0.774891
0.59854
0.667469
0.157024
0.0976744
0.614469
0.38412
0.897947
0.797808
0.751826
0.936575
0.0110463
0.654639
0.513777
0.049047
0.333335
0.366875
0.0696072
0.888927
0.192798
0.360183
0.588909
0.789338
0.411064
0.759158
0.175174
0.145956
0.0823574
0.180057
0.221415
0.31476
0.167134
0.0268521
0.303856
0.904254
0.803846
0.235995
0.365199
0.896243
0.148325
0.892926
0.401358
0.629195
0.872129
0.867935
0.384097
0.512882
0.00323382
0.350862
0.938391
0.544261
0.402353
0.353501
0.290316
0.337199
0.298091
0.00782254
0.473461
0.455267
0.67674
0.974277
0.67808
0.49804
0.566422
0.856457
0.472587
0.772867
0.582073
0.89728
0.589315
0.625133
0.608314
0.932231
0.00530859
0.221448
0.872928
0.300553
0.397057
0.328745
0.22308
0.307159
0.413276
0.923727
0.0741287
0.881058
0.945788
0.856804
0.312955
0.835284
0.61208
0.224269
0.285889
0.933989
0.555974
0.263091
0.772696
0.709523
0.960962
0.883162
0.297164
0.436889
0.794215
0.363676
0.299477
0.313112
0.480828
0.273231
0.190642
0.115373
0.066398
0.950708
0.551285
0.448324
0.984253
0.347121
0.0667461
0.800876
0.329396
0.163884
0.39702
0.714054
0.101467
0.355161
0.195992
0.0409693
0.57048
0.0655718
0.0648774
0.395082
0.138932
0.0302328
0.123171
0.129495
0.415073
0.127146
0.947177
0.209273
0.254017
0.255792
0.0970519
0.150581
0.819648
0.818546
0.305891
0.103967
0.374471
0.738225
0.348566
0.343531
0.730333
0.709424
0.297055
0.605692
0.858137
0.710794
0.318475
0.6038
0.0747983
0.135476
0.937889
0.0952719
0.23559
0.567808
0.154681
0.73143
0.143107
0.196925
0.717884
0.477591
0.873025
0.927879
0.863619
0.836814
0.326678
0.478418
0.777773
0.0236797
0.984659
0.165708
0.05388
0.560943
0.776363
0.329792
0.808456
0.722919
0.0922707
0.792818
0.885739
0.61446
0.232213
0.804675
0.171739
0.422267
0.0460082
0.260145
0.251961
0.709874
0.848736
0.70987
0.782868
0.667176
0.221827
0.253459
0.879181
0.398229
0.0346593
0.518517
0.715995
0.726047
0.666065
0.562052
0.400812
0.439817
0.00919954
0.616702
0.907771
0.903354
0.674501
0.339517
0.256364
0.709557
0.517876
0.948294
0.97503
0.334528
0.411018
0.97182
0.375911
0.931023
0.702822
0.336904
0.337709
0.882577
0.464834
0.45825
0.800088
0.0738695
0.525226
0.480564
0.834893
0.0491017
0.252296
0.336228
0.980046
0.629782
0.748333
0.236604
0.610059
0.256461
0.348278
0.514316
0.113982
0.689998
0.796903
0.549776
0.0794756
0.746599
0.0874139
0.166013
0.184629
0.0578638
0.516402
0.166787
0.187282
0.648531
0.860281
0.739653
0.3498
0.0805408
0.649121
0.779676
0.00655966
0.24814
0.481212
0.727493
0.96758
0.111343
0.347874
0.719661
0.339591
0.510932
0.233813
0.69521
0.393988
0.75391
0.962942
0.159014
0.540589
0.685904
0.993837
0.42025
0.142132
0.805149
0.141534
0.757665
0.0787998
0.387682
0.766333
0.757175
0.835733
0.165812
0.803825
0.888992
0.280417
0.971728
0.832116
0.378466
0.875105
0.894646
0.310324
0.623414
0.721342
0.590676
0.485301
0.458651
0.543576
0.879108
0.171581
0.758604
0.852351
0.468157
0.3104
0.884592
0.332927
0.509429
0.96559
0.666377
0.801061
0.431572
0.427242
0.654207
0.261123
0.688864
0.744541
0.492835
0.0851191
0.595882
0.990536
0.931969
0.606628
0.603883
0.458367
0.77795
0.999475
0.181671
0.349895
0.680859
0.189873
0.189186
0.641211
0.839456
0.74071
0.10919
0.157536
0.709966
0.404382
0.4535
0.97451
0.585258
0.431972
0.157853
0.0306839
0.704367
0.296057
0.823038
0.806975
0.834519
0.754268
0.97835
0.120354
0.791632
0.963532
0.081941
0.181758
0.808106
0.844033
0.658867
0.580057
0.0123207
0.0739172
0.326354
0.0309791
0.665546
0.828394
0.817699
0.0667889
0.521549
0.678874
0.831743
0.100042
0.404183
0.105744
0.242283
0.05637
0.409886
0.946921
0.905976
0.741529
0.885507
0.711613
0.0796349
0.42314
0.709833
0.161111
0.797038
0.822106
0.137126
0.675932
0.394539
0.0143971
0.972309
0.593793
0.871862
0.391991
0.19396
0.879661
0.455543
0.319519
0.161827
0.818851
0.436184
0.939692
0.408206
0.710766
0.835747
0.398173
0.0980352
0.677854
0.686246
0.737568
0.309302
0.435525
0.867722
0.80945
0.420787
0.161141
0.296404
0.661355
0.394014
0.186154
0.69121
0.162522
0.509843
0.937906
0.391564
0.0124154
0.665916
0.0502945
0.300427
0.273898
0.397197
0.681986
0.142863
0.105591
0.661126
0.539029
0.459063
0.471677
0.468369
0.871372
0.140833
0.985877
0.630243
0.493288
0.687512
0.008017
0.741674
0.308946
0.455444
0.649003
0.797027
0.638405
0.675494
0.0351056
0.0192587
0.681619
0.971219
0.269624
0.574119
0.219522
0.509769
0.685048
0.596789
0.233725
0.211927
0.865082
0.438152
0.027057
0.747451
0.402754
0.0833141
0.259701
0.79441
0.642487
0.275942
0.763402
0.504128
0.872915
0.0810693
0.531608
0.742993
0.488099
0.480279
0.0410053
0.175372
0.47149
0.331322
0.526587
0.35133
0.808016
0.332033
0.474669
0.767098
0.615784
0.488744
0.31738
0.208978
0.291812
0.485766
0.263206
0.695744
0.376417
0.434257
0.551804
0.172865
0.343464
0.594054
0.265301
0.905812
0.986015
0.961034
0.0992117
0.450433
0.431469
0.693479
0.298586
0.330888
0.235073
0.874264
0.756739
0.513222
0.727478
0.723823
0.287255
0.901392
0.702462
0.282636
0.259485
0.169051
0.242435
0.607443
0.288349
0.281628
0.327205
0.330593
0.271615
0.0359511
0.230555
0.931135
0.582224
0.444364
0.432322
0.0296731
0.715563
0.469404
0.270426
0.04309
0.212792
0.403439
0.595163
0.911743
0.668502
0.515964
0.814761
0.686564
0.0852939
0.535097
0.37664
0.185197
0.61111
0.928332
0.475812
0.964644
0.763369
0.941173
0.296947
0.794665
0.929944
0.561899
0.839597
0.0997626
0.709211
0.711354
0.729615
0.638153
0.443307
0.669057
0.832519
0.151127
0.996831
0.744506
0.913471
0.706127
0.882505
0.268498
0.651669
0.60319
0.812275
0.903946
0.618625
0.226258
0.721738
0.2569
0.717968
0.886345
0.796529
0.262805
0.961145
0.964483
0.0608455
0.630633
0.0424768
0.908332
0.341958
0.29586
0.512889
0.123346
0.075775
0.549701
0.828098
0.850708
0.854214
0.771503
0.647262
0.526243
0.570563
0.446862
0.401376
0.925144
0.903057
0.686314
0.881369
0.163145
0.980797
0.250903
0.918689
0.403382
0.634266
0.11244
0.778024
0.245269
0.227922
0.680861
0.235798
0.0545934
0.551418
0.683276
0.823904
0.359463
0.488578
0.534402
0.6975
0.874548
0.523163
0.799947
0.703421
0.395327
0.269126
0.203875
0.524215
0.488227
0.633978
0.272627
0.0388858
0.554256
0.379196
0.144208
0.707073
0.783235
0.822411
0.25477
0.913493
0.0783155
0.248317
0.466352
0.979005
0.131014
0.959645
0.755518
0.987378
0.857327
0.0992614
0.286432
0.0633103
0.0564472
0.708669
0.607104
0.594874
0.039338
0.153913
0.82416
0.657518
0.897321
0.282183
0.641708
0.191581
0.903511
0.305117
0.0965277
0.341255
0.478146
0.198924
0.318745
0.153134
0.717349
0.483766
0.6628
0.681397
0.238397
0.742824
0.644267
0.199252
0.832053
0.308055
0.473676
0.0644436
0.104365
0.0689573
0.964989
0.567156
0.192681
0.395996
0.499156
0.322037
0.475377
0.662531
0.163516
0.21831
0.129563
0.566736
0.136605
0.926207
0.754298
0.494125
0.762627
0.475492
0.594126
0.477818
0.684819
0.756733
0.410774
0.873876
0.231823
0.251041
0.254266
0.451854
0.313388
0.112667
0.592097
0.380098
0.306601
0.0401975
0.599166
0.182069
0.0294522
0.0034823
0.526981
0.977441
0.855513
0.604906
0.655601
0.686069
0.759949
0.467509
0.426119
0.782925
0.613942
0.524082
0.248489
0.351779
0.344085
0.0402784
0.958462
0.865903
0.230309
0.807664
0.41121
0.211315
0.574297
0.212526
0.916897
0.28224
0.606936
0.772238
0.00388458
0.288133
0.653991
0.621178
0.130569
0.474288
0.355229
0.329992
0.179118
0.4302
0.362974
0.503757
0.651812
0.00543289
0.310533
0.130142
0.295365
0.193356
0.735996
0.88064
0.919227
0.449399
0.0513316
0.73082
0.883318
0.932566
0.636449
0.795306
0.70904
0.842793
0.828754
0.862166
0.429318
0.549522
0.815494
0.0121905
0.885916
0.5898
0.76803
0.282557
0.934263
0.159552
0.58786
0.171256
0.304555
0.652795
0.531452
0.108845
0.356826
0.171525
0.822891
0.334078
0.851017
0.0508307
0.311117
0.948342
0.776956
0.292035
0.227704
0.013908
0.751692
0.685782
0.944865
0.348206
0.302141
0.080871
0.199009
0.745504
0.693845
0.451314
0.227257
0.510431
0.818897
0.202782
0.154578
0.986271
0.257607
0.609071
0.652723
0.316199
0.362667
0.34828
0.535057
0.698359
0.326866
0.629596
0.619605
0.708631
0.960618
0.104901
0.0725823
0.890909
0.499191
0.903681
0.160344
0.907432
0.207828
0.956833
0.487854
0.359885
0.583058
0.45988
0.198535
0.782775
0.106971
0.866246
0.998769
0.316551
0.271638
0.420561
0.363933
0.625794
0.715953
0.0195046
0.813637
0.789641
0.495888
0.390671
0.0050062
0.139131
0.377989
0.855397
0.658383
0.437159
0.338078
0.0718851
0.172111
0.664566
0.367217
0.824392
0.56196
0.864083
0.635784
0.629206
0.0734932
0.200877
0.144234
0.135785
0.137241
0.602057
0.774499
0.00524936
0.226021
0.738095
0.157488
0.89391
0.949827
0.741366
0.134323
0.568494
0.677129
0.506259
0.688786
0.418976
0.73744
0.150816
0.761355
0.088008
0.149908
0.510644
0.39833
0.737426
0.912871
0.617504
0.396912
0.904508
0.0721575
0.751757
0.776592
0.184776
0.535547
0.942452
0.786424
0.43129
0.682812
0.0201472
0.614386
0.977303
0.534522
0.714677
0.578232
0.348395
0.478503
0.203734
0.157299
0.73259
0.646403
0.0911331
0.674245
0.0402082
0.779334
0.269438
0.446417
0.929238
0.699514
0.728511
0.0772934
0.0700005
0.49783
0.0301791
0.22005
0.386672
0.798725
0.176095
0.626293
0.0990744
0.143573
0.0382883
0.511558
0.759011
0.690425
0.971382
0.014996
0.0370005
0.866642
0.654851
0.0876262
0.734051
0.189395
0.158537
0.536266
0.0149764
0.708458
0.0602627
0.83568
0.281837
0.831198
0.937445
0.636467
0.0999169
0.302676
0.0809633
0.750667
0.453677
0.95532
0.0554165
0.385512
0.293834
0.467704
0.697865
0.0108655
0.616508
0.648333
0.527681
0.742164
0.555545
0.0515759
0.835373
0.114735
0.353967
0.1196
0.109202
0.362433
0.417171
0.388381
0.525928
0.268762
0.0864741
0.370468
0.45149
0.184591
0.429041
0.89774
0.319341
0.1719
0.124791
0.356549
0.514615
0.138293
0.297859
0.114776
0.0365776
0.759285
0.300612
0.38348
0.154975
0.666626
0.987323
0.932213
0.703775
0.340879
0.152315
0.96371
0.0741466
0.181794
0.419265
0.591384
0.387002
0.347815
0.734832
0.327544
0.0394526
0.0792406
0.797029
0.662336
0.888238
0.616107
0.903135
0.992961
0.697167
0.2858
0.44045
0.650179
0.555476
0.886579
0.735957
0.226291
0.273639
0.048886
0.626482
0.274981
0.605241
0.290274
0.634189
0.819924
0.459274
0.0180619
0.566367
0.922568
0.599094
0.980947
0.780323
0.890384
0.688612
0.493892
0.848384
0.793036
0.554971
0.404542
0.132548
0.733502
0.965032
0.298883
0.32614
0.441745
0.415207
0.384548
0.100688
0.257125
0.500247
0.652815
0.86045
0.576419
0.882302
0.841769
0.617389
0.456998
0.773396
0.465586
0.098287
0.910041
0.0522951
0.924308
0.839794
0.409912
0.39284
0.470098
0.934182
0.788404
0.712953
0.606475
0.0245485
0.585807
0.652346
0.98205
0.310642
0.963619
0.537418
0.377762
0.0392722
0.0481752
0.680109
0.588695
0.196116
0.125268
0.385146
0.144183
0.284402
0.940064
0.651302
0.439066
0.386028
0.970968
0.0626221
0.4891
0.306122
0.990404
0.724025
0.692788
0.6901
0.505481
0.624367
0.736371
0.189263
0.944326
0.280992
0.639503
0.119319
0.396567
0.0967326
0.785192
0.722542
0.758121
0.740793
0.501078
0.616821
0.911615
0.517082
0.590318
0.482771
0.926072
0.495643
0.272328
0.0224372
0.102011
0.495081
0.819251
0.158134
0.753462
0.431659
0.893317
0.972997
0.163875
0.241581
0.246519
0.251537
0.576078
0.14518
0.0400467
0.0654149
0.42902
0.534327
0.431536
0.820413
0.68821
0.742883
0.633426
0.992653
0.513427
0.174947
0.342481
0.0703143
0.772964
0.210652
0.432129
0.789722
0.855982
0.481596
0.191897
0.206109
0.0725956
0.113469
0.0777061
0.00698997
0.480395
0.00291302
0.959148
0.407267
0.944735
0.164991
0.00813555
0.734122
0.392795
0.713642
0.180887
0.17562
0.65023
0.422244
0.649091
0.274498
0.487073
0.235866
0.199192
0.812353
0.214581
0.46988
0.27908
0.495371
0.708067
0.475747
0.872238
0.709275
0.781765
0.131045
0.468355
0.649267
0.223513
0.588872
0.174647
0.289451
0.807161
0.95789
0.263199
0.578709
0.364571
0.340504
0.853037
0.993111
0.221801
0.814947
0.80948
0.93303
0.429152
0.756402
0.842425
0.629645
0.439194
0.537448
0.896614
0.394612
0.249592
0.895773
0.253173
0.0782279
0.775975
0.806129
0.614562
0.942045
0.947553
0.520973
0.992182
0.604943
0.270293
0.807682
0.711947
0.684793
0.308876
0.286573
0.429429
0.404993
0.710212
0.525802
0.149136
0.529187
0.053236
0.736719
0.0371522
0.416461
0.465028
0.729995
0.0280286
0.0764354
0.649477
0.759756
0.225279
0.260562
0.263593
0.213139
0.228878
0.75344
0.0602686
0.934596
0.761177
0.099335
0.524134
0.123347
0.100504
0.169536
0.395133
0.997381
0.975934
0.52165
0.363977
0.354786
0.882241
0.827426
0.542958
0.502284
0.895376
0.583416
0.471299
0.124419
0.103651
0.0706195
0.90246
0.639286
0.47983
0.499466
0.532785
0.51204
0.859059
0.212327
0.580765
0.910489
0.58882
0.293748
0.0298907
0.373172
0.89901
0.659989
0.42832
0.769148
0.0703081
0.667439
0.643983
0.422572
0.168438
0.940254
0.851938
0.520569
0.205048
0.240272
0.245255
0.008096
0.0695169
0.370317
0.921271
0.805805
0.157778
0.775318
0.773019
0.13269
0.114549
0.217718
0.181907
0.305733
0.447369
0.929339
0.393961
0.306053
0.838741
0.714566
0.713759
0.145074
0.265373
0.117532
0.357931
0.745718
0.286155
0.414719
0.18866
0.812512
0.897162
0.603135
0.882716
0.811807
0.0366
0.136829
0.685466
0.630415
0.389654
0.921275
0.868596
0.487405
0.818802
0.601666
0.206735
0.590728
0.36016
0.207376
0.369027
0.233963
0.2105
0.868635
0.143692
0.0244692
0.253975
0.555518
0.586056
0.839861
0.550978
0.279513
0.777541
0.130633
0.547776
0.469726
0.677752
0.970147
0.253257
0.498377
0.229357
0.798675
0.323458
0.360829
0.455981
0.68089
0.717044
0.361337
0.982691
0.0814201
0.427702
0.386512
0.113865
0.736865
0.491132
0.460365
0.356817
0.0223536
0.69679
0.945839
0.708188
0.510132
0.786038
0.947513
0.84349
0.540942
0.609462
0.224362
0.85088
0.732119
0.726864
0.402497
0.761556
0.468812
0.318781
0.746629
0.593389
0.0925914
0.182936
0.60268
0.24192
0.943983
0.529284
0.679536
0.965592
0.706035
0.325036
0.880088
0.634809
0.227288
0.0355516
0.51567
0.86589
0.00649496
0.160862
0.615563
0.764014
0.776793
0.566036
0.365615
0.884741
0.845938
0.6781
0.823848
0.405631
0.437799
0.0916479
0.325853
0.6082
0.0175019
0.155226
0.888215
0.230585
0.447366
0.885693
0.834529
0.927371
0.317195
0.0895947
0.818339
0.815573
0.332968
0.198763
0.607903
0.0257823
0.322816
0.571134
0.0523008
0.0201467
0.606067
0.160492
0.39446
0.688377
0.555718
0.953185
0.17288
0.597819
0.540928
0.383368
0.271585
0.523708
0.962544
0.471137
0.401155
0.208733
0.179281
0.183434
0.981471
0.584635
0.95874
0.538881
0.972035
0.991127
0.869483
0.406041
0.327838
0.971116
0.549194
0.308455
0.198702
0.59128
0.645376
0.836578
0.37084
0.711908
0.0383066
0.818904
0.319817
0.166424
0.0800236
0.956375
0.788825
0.774385
0.0953066
0.818488
0.321062
0.0919202
0.902992
0.583653
0.450384
0.61188
0.864661
0.362589
0.0411768
0.0580633
0.8694
0.00275711
0.338675
0.111848
0.825125
0.880521
0.91618
0.242763
0.121548
0.850361
0.0239883
0.170678
0.582536
0.683374
0.463082
0.0170977
0.360571
