0.924363
0.116893
0.0651664
0.53102
0.408345
0.0538365
0.0046101
0.0279731
0.237537
0.966714
0.560322
0.9421
0.0719644
0.0468042
0.436553
0.343647
0.627442
0.908658
0.614862
0.103454
0.0683701
0.245351
0.709017
0.0984529
0.953352
0.58095
0.541803
0.812783
0.236521
0.740194
0.0503204
0.220581
0.18581
0.432489
0.437647
0.587592
0.0227379
0.0701672
0.646117
0.0727457
0.22105
0.290358
0.744804
0.0782935
0.458118
0.152446
0.992811
0.379669
0.659556
0.0695421
0.50672
0.989764
0.700188
0.12963
0.90522
0.848258
0.146664
0.703469
0.861463
0.0911861
0.332943
0.240428
0.611346
0.319425
0.226207
0.440303
0.17995
0.125723
0.0339897
0.579153
0.141038
0.448976
0.113924
0.40311
0.886545
0.684091
0.540475
0.516565
0.185029
0.258243
0.583841
0.186435
0.571886
0.520706
0.108454
0.183466
0.90983
0.876231
0.384201
0.670105
0.421707
0.0332083
0.404907
0.287232
0.04782
0.663072
0.853649
0.348883
0.794812
0.229176
0.10236
0.824504
0.850055
0.547429
0.067198
0.98406
0.42827
0.496796
0.776996
0.256681
0.235349
0.478825
0.769652
0.618925
0.0094546
0.10822
0.131192
0.253633
0.555868
0.948976
0.605251
0.960463
0.166432
0.111502
0.863025
0.439678
0.0405532
0.0426629
0.513127
0.418425
0.301453
0.218862
0.802547
0.954133
0.755196
0.395609
0.213862
0.687451
0.289655
0.587982
0.109861
0.497109
0.846695
0.79825
0.995859
0.0591499
0.189405
0.233943
0.165182
0.832786
0.696906
0.397875
0.719175
0.363494
0.0528989
0.795593
0.403422
0.956243
0.225582
0.300906
0.0968901
0.60486
0.87334
0.739569
0.911002
0.137521
0.664948
0.271761
0.598062
0.357478
0.711361
0.621191
0.514768
0.784341
0.894515
0.461244
0.84943
0.408033
0.984216
0.463119
0.267542
0.657212
0.546882
0.945304
0.786373
0.347476
0.481169
0.292311
0.180341
0.212846
0.460931
0.779731
0.866542
0.223707
0.882794
0.847789
0.042116
0.391155
0.220738
0.220659
0.203235
0.317862
0.877793
0.732693
0.377715
0.223941
0.935068
0.503907
0.362479
0.826457
0.285591
0.681982
0.0700109
0.611267
0.302
0.340835
0.000156274
0.0348492
0.770824
0.880294
0.290202
0.709955
0.307548
0.577903
0.862322
0.282857
0.0721206
0.0816534
0.207298
0.223863
0.917643
0.618534
0.92241
0.681356
0.930692
0.528208
0.781138
0.180106
0.160572
0.804813
0.459369
0.431239
0.158853
0.421472
0.981013
0.748789
0.966948
0.612596
0.598218
0.392327
0.482107
0.501406
0.80497
0.494218
0.201985
0.0390686
0.711674
0.690889
0.0562588
0.544773
0.47484
0.881075
0.464448
0.56376
0.708704
0.0287545
0.411783
0.820519
0.961478
0.392952
0.621503
0.584466
0.325832
0.654946
0.041569
0.269183
0.0230505
0.139866
0.187607
0.833255
0.801453
0.710189
0.359822
0.234021
0.182607
0.718159
0.136975
0.542975
0.0740741
0.517268
0.34185
0.226676
0.544851
0.492264
0.766448
0.904594
0.708861
0.0636037
0.182529
0.700734
0.251602
0.102829
0.929051
0.162291
0.188076
0.937803
0.11369
0.350836
0.230348
0.363729
0.105173
0.451711
0.723785
0.391467
0.290436
0.762228
0.963744
0.898265
0.297546
0.347711
0.533443
0.948508
0.500703
0.648148
0.525785
0.240975
0.733318
0.517112
0.307001
0.455931
0.664635
0.202063
0.0564932
0.597046
0.130958
0.20136
0.89975
0.628614
0.169948
0.895609
0.705188
0.244726
0.56962
0.015393
0.432411
0.420222
0.702219
0.582669
0.925145
0.291139
0.91905
0.932177
0.859275
0.603376
0.542272
0.917331
0.548836
0.380841
0.920925
0.350289
0.108376
0.166042
0.0243788
0.436084
0.2391
0.315127
0.267932
0.744335
0.973824
0.145804
0.511799
0.122207
0.249961
0.73699
0.33599
0.919987
0.141194
0.483826
0.884748
0.283326
0.176668
0.393968
0.848023
0.0943897
0.047273
0.5411
0.655962
0.268089
0.779184
0.744569
0.0260197
0.802
0.832161
0.557509
0.314815
0.198234
0.202766
0.213315
0.565479
0.0919675
0.507189
0.0942335
0.0124238
0.770355
0.775746
0.977965
0.0692296
0.437021
0.448195
0.939756
0.549305
0.485388
0.233161
0.991014
0.978981
0.295749
0.947023
0.169636
0.82591
0.163619
0.484294
0.989295
0.59564
0.817393
0.264494
0.977731
0.0169558
0.780903
0.127832
0.504454
0.484451
0.0240663
0.366385
0.697609
0.554696
0.687607
0.324504
0.358728
0.990155
0.787311
0.556571
0.10572
0.573683
0.921472
0.472261
0.306063
0.246835
0.0400063
0.920769
0.31544
0.337631
0.285826
0.734255
0.726207
0.93163
0.737303
0.405688
0.461478
0.901703
0.0641506
0.304501
0.898422
0.332396
0.118456
0.413658
0.238631
0.21058
0.955696
0.10361
0.103219
0.0160963
0.589233
0.388654
0.663229
0.888498
0.119628
0.675027
0.519378
0.812314
0.131974
0.427879
0.409673
0.350055
0.0561025
0.509923
0.704094
0.000781372
0.174246
0.853883
0.401156
0.45093
0.549539
0.537662
0.889358
0.311299
0.414205
0.360603
0.408267
0.0364119
0.119237
0.587904
0.0924363
0.611736
0.406548
0.653149
0.640881
0.905454
0.900531
0.80286
0.0237537
0.296687
0.15604
0.794265
0.107204
0.904751
0.74371
0.834427
0.0627442
0.990936
0.961556
0.410377
0.506876
0.0245351
0.470933
0.00984529
0.195343
0.558134
0.454212
0.281294
0.723707
0.374043
0.405063
0.322082
0.818644
0.543288
0.143772
0.0587592
0.102282
0.807079
0.964682
0.107282
0.922175
0.629083
0.274496
0.207845
0.345835
0.115252
0.699328
0.938037
0.165963
0.00695421
0.550711
0.799031
0.170027
0.913033
0.590561
0.684873
0.714721
0.37037
0.586185
0.709173
0.133302
0.724098
0.461166
0.832005
0.52266
0.544069
0.318018
0.912643
0.503438
0.257931
0.514143
0.644945
0.811455
0.940381
0.688701
0.568448
0.754102
0.151664
0.818565
0.525863
0.2584
0.61869
0.957259
0.452102
0.810908
0.818409
0.491014
0.487654
0.738475
0.667057
0.742225
0.50336
0.240506
0.62877
0.204798
0.666354
0.585404
0.534927
0.279497
0.322941
0.010236
0.282466
0.985076
0.65479
0.0067198
0.498437
0.142835
0.849742
0.477731
0.525707
0.223551
0.847945
0.0769652
0.1619
0.100953
0.510861
0.91319
0.62541
0.455618
0.594937
0.660572
0.296062
0.0166432
0.711205
0.586342
0.744023
0.904126
0.604313
0.751367
0.541882
0.830208
0.121894
0.180263
0.195421
0.575559
0.339584
0.721441
0.868808
0.72902
0.558837
0.611033
0.249727
0.684716
0.679872
0.599625
0.70597
0.418972
0.423426
0.416549
0.883341
0.969761
0.239803
0.471949
0.236365
0.705345
0.279575
0.340366
0.895687
0.722613
0.130098
0.00968901
0.160494
0.787389
0.573996
0.99117
0.0137521
0.0664948
0.827239
0.459837
0.535787
0.471167
0.0621191
0.851539
0.878497
0.889514
0.346148
0.184951
0.240819
0.698469
0.746367
0.426785
0.165729
0.954759
0.894593
0.478669
0.734802
0.848179
0.129239
0.818097
0.421316
0.946163
0.978043
0.0866542
0.322394
0.888342
0.0847789
0.904282
0.639162
0.522113
0.422097
0.120331
0.831849
0.487811
0.773324
0.437803
0.622441
0.793561
0.950461
0.936318
0.7827
0.528598
0.868261
0.607048
0.36115
0.530239
0.234099
0.200031
0.603532
0.577121
0.688076
0.429051
0.671042
0.630802
0.657837
0.686279
0.0282857
0.307236
0.508204
0.320753
0.522425
0.491796
0.6619
0.59228
0.0681356
0.193077
0.0528208
0.778168
0.51805
0.516096
0.0804813
0.946007
0.943194
0.315909
0.442178
0.59814
0.374902
0.596734
0.0612596
0.659869
0.139241
0.0482107
0.750195
0.280513
0.549461
0.520238
0.00390686
0.87123
0.269105
0.00562588
0.254493
0.747539
0.688154
0.446476
0.556415
0.0708704
0.802938
0.0411783
0.18206
0.596187
0.939366
0.462182
0.0584466
0.0325832
0.26551
0.204173
0.526957
0.502344
0.0139866
0.118769
0.483357
0.7802
0.971089
0.536021
0.523441
0.718315
0.171824
0.313721
0.954368
0.80747
0.0517268
0.534224
0.122675
0.354509
0.0492264
0.976715
0.790514
0.270902
0.406392
0.6183
0.870136
0.0251602
0.61033
0.0929051
0.716284
0.718862
0.293796
0.511408
0.0350836
0.823097
0.536412
0.610564
0.145179
0.372402
0.0391467
0.729098
0.576262
0.496406
0.689873
0.829817
0.0347711
0.753399
0.994921
0.850133
0.564854
0.952649
0.424129
0.573371
0.851774
0.93077
0.545632
0.66651
0.620253
0.305673
0.159712
0.613143
0.720191
0.590014
0.5629
0.517034
0.289576
0.570558
0.224488
0.056962
0.701594
0.443272
0.842085
0.770277
0.758322
0.0925145
0.629161
0.291921
0.0932177
0.785982
0.260353
0.0542272
0.0917331
0.454915
0.438115
0.692139
0.335052
0.710892
0.516643
0.202454
0.143616
0.02391
0.331536
0.926864
0.67448
0.397406
0.614627
0.0511799
0.412252
0.925066
0.273715
0.033599
0.49203
0.714174
0.248398
0.388498
0.628379
0.117675
0.239412
0.384826
0.809501
0.504766
0.554149
0.565635
0.126817
0.277934
0.974527
0.302625
0.480231
0.0832161
0.55579
0.931552
0.719878
0.520316
0.0213315
0.756603
0.709251
0.150727
0.60947
0.901313
0.977106
0.877637
0.697843
0.60697
0.343726
0.644866
0.79403
0.0549305
0.248554
0.423347
0.399125
0.997968
0.529614
0.0947023
0.116971
0.082591
0.416393
0.848492
0.198937
0.359587
0.181747
0.526489
0.397797
0.70175
0.478122
0.61283
0.650492
0.0484451
0.802469
0.936709
0.869823
0.95554
0.0687607
0.332474
0.135881
0.299031
0.678778
0.355681
0.310595
0.257384
0.392171
0.447257
0.730661
0.924754
0.204016
0.492108
0.731599
0.133771
0.828645
0.77348
0.472652
0.393186
0.673777
0.240584
0.646195
0.0901703
0.106423
0.730505
0.889905
0.433271
0.611892
0.441397
0.423894
0.521097
0.195577
0.610408
0.11033
0.601657
0.158931
0.438897
0.866385
0.188858
0.111971
0.967573
0.751992
0.681278
0.913268
0.642835
0.340991
0.0350055
0.805673
0.651039
0.170417
7.81372e-05
0.0174246
0.885451
0.440147
0.145101
0.354977
0.153774
0.288951
0.431161
0.141428
0.536099
0.540866
0.603688
0.611971
0.458822
0.309267
0.961244
0.340678
0.965385
0.264104
0.890608
0.590092
0.580325
0.402407
0.729723
0.715659
0.579466
0.210736
0.990545
0.874434
0.983513
0.306298
0.299109
0.696203
0.241053
0.750742
0.402485
0.747148
0.601031
0.0195343
0.355837
0.345445
0.0281294
0.272386
0.737459
0.440538
0.232224
0.781919
0.354352
0.0143772
0.205892
0.910298
0.980778
0.696515
0.310752
0.292233
0.162916
0.327473
0.0207845
0.63463
0.511564
0.0699328
0.593843
0.416628
0.900766
0.855134
0.67995
0.61705
0.591342
0.859119
0.568526
0.771527
0.037037
0.258634
0.670964
0.613377
0.772464
0.246132
0.883263
0.952336
0.35443
0.0318018
0.0912643
0.350367
0.125801
0.0514143
0.464526
0.581185
0.594077
0.468901
0.556884
0.175418
0.115174
0.681903
0.0525863
0.725895
0.861932
0.195734
0.645257
0.881153
0.481872
0.449133
0.148773
0.173855
0.76676
0.974293
0.250352
0.824113
0.762932
0.120488
0.866698
0.258556
0.65354
0.728004
0.332318
0.101031
0.528286
0.798562
0.065479
0.600719
0.949914
0.814346
0.585013
0.447804
0.852633
0.122363
0.28481
0.507736
0.216206
0.210111
0.851149
0.791374
0.462572
0.14557
0.459525
0.466088
0.929677
0.301688
0.271136
0.458665
0.274418
0.19042
0.460463
0.675184
0.554227
0.58306
0.0121894
0.718081
0.11955
0.657603
0.634005
0.372168
0.986951
0.072902
0.255899
0.0611033
0.62502
0.368495
0.167995
0.459994
0.570636
0.241913
0.942413
0.141663
0.588373
0.196984
0.924051
0.0471949
0.523676
0.770589
0.82802
0.634083
0.389592
0.872324
0.513049
0.401
0.416081
0.778794
0.657446
0.599156
0.601422
0.106657
0.782779
0.546023
0.753633
0.0471167
0.506251
0.885216
0.387873
0.488983
0.0346148
0.71855
0.224098
0.969917
0.274652
0.242694
0.116581
0.995546
0.98953
0.647914
0.473511
0.584857
0.412955
0.0818097
0.242147
0.994687
0.797859
0.908736
0.632286
0.988905
0.508517
0.390452
0.0639162
0.252227
0.242225
0.0120331
0.683232
0.348805
0.777387
0.343804
0.662291
0.679403
0.495077
0.393655
0.778325
0.552899
0.286842
0.960775
0.236131
0.653071
0.623457
0.0200031
0.460384
0.657759
0.668855
0.142913
0.867167
0.363104
0.965854
0.368651
0.202844
0.230739
0.450852
0.532114
0.652289
0.449211
0.166198
0.059228
0.206829
0.119316
0.605329
0.977887
0.051805
0.551649
0.00804813
0.794655
0.194327
0.331614
0.944288
0.559853
0.837553
0.759728
0.406157
0.566026
0.21394
0.704876
0.175027
0.0280513
0.254962
0.852086
0.000390686
0.087123
0.426942
0.200578
0.725504
0.774809
0.76887
0.444679
0.155649
0.707142
0.680341
0.704173
0.018206
0.0596187
0.293952
0.546257
0.805907
0.703313
0.826614
0.320441
0.452727
0.950305
0.901469
0.0118769
0.648383
0.578059
0.897171
0.0536021
0.952414
0.371855
0.917253
0.531411
0.495468
0.480778
0.205188
0.753477
0.0122675
0.735506
0.00492264
0.0976715
0.779106
0.727145
0.140647
0.361853
0.68706
0.202532
0.161041
0.909361
0.771683
0.0718862
0.0293796
0.55118
0.903579
0.482341
0.55368
0.461088
0.81458
0.637287
0.103922
0.172918
0.557665
0.349664
0.969058
0.0829817
0.503516
0.275356
0.399516
0.0850133
0.956556
0.295281
0.842475
0.8574
0.185185
0.293093
0.354587
0.066651
0.862088
0.230583
0.416003
0.761369
0.772074
0.159009
0.456321
0.751758
0.629005
0.257071
0.322472
0.905767
0.97023
0.344351
0.784263
0.87709
0.575871
0.409283
0.262932
0.629239
0.309345
0.978669
0.226051
0.405454
0.409205
0.245507
0.743866
0.869276
0.833568
0.871152
0.25168
0.120253
0.814424
0.602438
0.333177
0.292702
0.267464
0.639787
0.66151
0.505157
0.641272
0.992577
0.327395
0.0033599
0.749258
0.0714174
0.92491
0.238865
0.262854
0.611814
0.423972
0.538522
0.0809501
0.0504766
0.255431
0.956634
0.312705
0.727848
0.297468
0.330286
0.64807
0.508361
0.355602
0.293171
0.372011
0.952102
0.302157
0.375684
0.77098
0.915143
0.060947
0.59017
0.59775
0.287779
0.169792
0.860759
0.934443
0.36451
0.279419
0.305516
0.124863
0.842397
0.839975
0.299812
0.853024
0.209486
0.711752
0.708314
0.94171
0.98492
0.619941
0.235974
0.618222
0.852711
0.139787
0.170183
0.947882
0.361306
0.565088
0.00484451
0.0802469
0.893733
0.286998
0.995624
0.00687607
0.533286
0.913658
0.729958
0.767932
0.235584
0.531099
0.42577
0.939287
0.444757
0.173074
0.592514
0.120409
0.849273
0.373183
0.213393
0.582904
0.977418
0.947336
0.239334
0.367401
0.924129
0.0646195
0.409048
0.210658
0.973121
0.989061
0.543366
0.161197
0.94421
0.542429
0.95218
0.319581
0.261056
0.211049
0.0601657
0.415924
0.743944
0.886701
0.71894
0.311221
0.396781
0.475231
0.968198
0.891389
0.764338
0.43413
0.803563
0.180575
0.26512
0.11705
0.100016
0.301766
0.288561
0.344038
0.714565
0.335521
0.81544
0.828958
0.843179
0.0141428
0.153618
0.254102
0.660416
0.261213
0.245898
0.830989
0.29614
0.0340678
0.596578
0.0264104
0.889123
0.259025
0.758087
0.0402407
0.973043
0.971636
0.657993
0.721128
0.799109
0.187451
0.798406
0.0306298
0.829973
0.0696203
0.524144
0.875137
0.140256
0.27473
0.260119
0.00195343
0.435615
0.134552
0.00281294
0.627286
0.873808
0.844116
0.223238
0.778247
0.535474
0.401469
0.520628
0.0910298
0.298093
0.469683
0.73113
0.0292233
0.516331
0.132755
0.602125
0.263479
0.751211
0.507032
0.0593843
0.241678
0.890139
0.485545
0.268011
0.76176
0.859197
0.585951
0.6569
0.477184
0.403735
0.0258634
0.767151
0.0613377
0.677293
0.0246132
0.488358
0.895296
0.63549
0.703235
0.809189
0.435068
0.0125801
0.805204
0.546492
0.858181
0.359431
0.146898
0.755743
0.517581
0.411549
0.768245
0.305282
0.0725895
0.186201
0.519612
0.864588
0.78817
0.748242
0.844976
0.414909
0.517425
0.376699
0.9975
0.425066
0.782466
0.476324
0.212064
0.286685
0.925926
0.465385
0.772855
0.333255
0.310127
0.152836
0.0798562
0.80661
0.860134
0.795046
0.28145
0.758556
0.144788
0.285279
0.612283
0.52852
0.850836
0.721675
0.921081
0.385138
0.8792
0.0462572
0.31458
0.14596
0.546648
0.89303
0.130177
0.0271136
0.0458665
0.227457
0.719097
0.34607
0.167526
0.355446
0.258322
0.601266
0.0718081
0.011955
0.665807
0.463432
0.33724
0.198703
0.307314
0.525629
0.206126
0.962572
0.636896
0.0167995
0.746054
0.357087
0.624238
0.194249
0.31419
0.0588373
0.119706
0.692452
0.404751
0.252383
0.277075
0.782857
0.563447
0.639006
0.487264
0.651352
0.240116
0.541647
0.777934
0.465776
0.859978
0.760197
0.510705
0.87834
0.854665
0.575402
0.304735
0.950695
0.988592
0.438819
0.848961
0.303485
0.671902
0.822472
0.397015
0.527504
0.624316
0.211674
0.199562
0.498984
0.264807
0.0473511
0.558525
0.541335
0.708236
0.924285
0.0994687
0.179794
0.0908736
0.263244
0.698937
0.850914
0.7391
0.806454
0.825285
0.0242225
0.401235
0.468354
0.434912
0.977809
0.0343804
0.666276
0.567979
0.649555
0.839428
0.17784
0.655337
0.128692
0.696124
0.223629
0.86537
0.962416
0.602047
0.246054
0.865838
0.0668855
0.914362
0.886779
0.736365
0.196593
0.836928
0.620331
0.323097
0.0450852
0.0532114
0.865291
0.944991
0.716674
0.805985
0.720738
0.711986
0.760588
0.597828
0.305204
0.0551649
0.300828
0.0794655
0.719487
0.433193
0.594468
0.556024
0.983826
0.375996
0.840678
0.456634
0.821456
0.170495
0.0175027
0.902875
0.32552
0.585248
0.500078
0.508751
0.442725
0.720113
0.572589
0.677528
0.076887
0.144476
0.215581
0.0707142
0.768089
0.270433
0.301844
0.305985
0.229411
0.154634
0.480622
0.170339
0.982732
0.132052
0.445304
0.295046
0.790202
0.201203
0.864901
0.857868
0.289733
0.605407
0.995312
0.937256
0.991796
0.153149
0.149555
0.348101
0.620566
0.375371
0.701281
0.373574
0.300516
0.00976715
0.177918
0.672761
0.0140647
0.136193
0.368729
0.220269
0.116112
0.890999
0.677215
0.00718862
0.602985
0.455149
0.490389
0.348258
0.655415
0.146117
0.581497
0.663776
0.0103922
0.317315
0.755821
0.535005
0.296921
0.208314
0.450383
0.427567
0.339975
0.808564
0.295671
0.929598
0.284263
0.385763
0.0185185
0.129317
0.835521
0.306689
0.386232
0.123066
0.441632
0.476168
0.177215
0.51594
0.0456321
0.175184
0.0629005
0.0257071
0.732302
0.290592
0.797078
0.73449
0.778481
0.587748
0.0575871
0.840991
0.526332
0.362947
0.931005
0.597906
0.322629
0.940616
0.740975
0.224566
0.0743866
0.586967
0.883419
0.987185
0.125176
0.912096
0.381466
0.0602438
0.433349
0.629317
0.32677
0.864041
0.666198
0.550555
0.764182
0.399281
0.0327395
0.300359
0.974996
0.407173
0.792546
0.723941
0.426317
0.0611814
0.642444
0.253868
0.608142
0.605095
0.925613
0.395687
0.231286
0.572824
0.729802
0.733083
0.464838
0.650883
0.135568
0.229333
0.137209
0.595249
0.73027
0.837631
0.777153
0.29153
0.0060947
0.35904
0.059775
0.328801
0.317003
0.686123
0.993515
0.53649
0.627989
0.0305516
0.812549
0.184248
0.0839975
0.730036
0.785357
0.120956
0.971246
0.57087
0.294187
0.598531
0.462025
0.0235974
0.261838
0.385295
0.914049
0.817081
0.194796
0.436162
0.256524
0.2005
0.708079
0.889436
0.328723
0.299578
0.80075
0.553368
0.391389
0.273011
0.876856
0.523597
0.753165
0.942647
0.193937
0.244491
0.517346
0.359275
0.112049
0.984998
0.637365
0.121347
0.0582904
0.997812
0.494765
0.323957
0.236756
0.792468
0.706517
0.540944
0.621113
0.497343
0.898969
0.454368
0.316143
0.494452
0.254258
0.695265
0.0319581
0.126113
0.121113
0.00601657
0.341616
0.174402
0.888733
0.171902
0.331145
0.839741
0.247539
0.196828
0.889201
0.276449
0.64346
0.480388
0.118065
0.326535
0.811767
0.0100016
0.230192
0.32888
0.334427
0.571496
0.433583
0.681591
0.982966
0.184326
0.101422
0.615409
0.225426
0.266057
0.326145
0.724644
0.583138
0.029614
0.603454
0.559697
0.802704
0.988983
0.525942
0.275824
0.504063
0.397328
0.597203
0.165807
0.972183
0.779966
0.918815
0.879903
0.203079
0.283013
0.10697
0.852477
0.0875137
0.514065
0.62752
0.926082
0.500234
0.543601
0.213471
0.600328
0.862791
0.387404
0.384435
0.722378
0.0778247
0.353571
0.840209
0.352086
0.509142
0.529848
0.146976
0.773168
0.402954
0.851696
0.913346
0.660259
0.226363
0.475152
0.950774
0.00593843
0.324191
0.28903
0.448586
0.0268011
0.976246
0.685967
0.958665
0.765745
0.747773
0.740428
0.102594
0.876778
0.506173
0.867792
0.5025
0.0488358
0.889592
0.363572
0.0703235
0.680966
0.843569
0.101266
0.580559
0.45468
0.385842
0.0359431
0.0146898
0.27559
0.451789
0.74121
0.27684
0.730583
0.907329
0.318644
0.0519612
0.586498
0.778872
0.674871
0.484529
0.0414909
0.251758
0.137678
0.699797
0.0425066
0.478278
0.647679
0.421238
0.928739
0.0925926
0.646585
0.177293
0.533365
0.931083
0.615331
0.208001
0.380684
0.886076
0.579544
0.228161
0.875918
0.314502
0.128536
0.661275
0.452883
0.985154
0.672214
0.892171
0.938584
0.287936
0.204641
0.631505
0.814659
0.654712
0.989373
0.613065
0.702766
0.704641
0.122754
0.371933
0.934677
0.416784
0.935615
0.625879
0.560166
0.907251
0.301219
0.166589
0.146351
0.633771
0.319894
0.330755
0.752618
0.820675
0.996328
0.163697
0.501719
0.874668
0.0357087
0.962494
0.619472
0.131427
0.305907
0.211986
0.269261
0.0404751
0.0252383
0.627754
0.978356
0.156353
0.863963
0.648773
0.665182
0.324035
0.25418
0.67784
0.146585
0.686045
0.97609
0.651117
0.187842
0.885529
0.457571
0.0304735
0.795124
0.298875
0.643929
0.584935
0.43038
0.967261
0.682294
0.139709
0.152758
0.0624316
0.921238
0.419987
0.649945
0.926551
0.604782
0.855915
0.854196
0.470855
0.992499
0.30997
0.117987
0.309111
0.926395
0.569933
0.0850914
0.97398
0.180653
0.282544
0.00242225
0.540163
0.446867
0.643538
0.497812
0.00343804
0.766682
0.956868
0.364979
0.383966
0.617831
0.765588
0.712924
0.969683
0.222378
0.586576
0.796296
0.560244
0.924676
0.186592
0.606735
0.291452
0.988748
0.473668
0.619706
0.183701
0.962103
0.532349
0.704563
0.105329
0.48656
0.49453
0.271683
0.580638
0.472105
0.271214
0.47609
0.159791
0.630567
0.605563
0.0300828
0.708001
0.872011
0.443351
0.859509
0.655649
0.19839
0.237615
0.984138
0.445695
0.382169
0.217065
0.401782
0.590327
0.632599
0.0585248
0.0500078
0.150883
0.644319
0.672058
0.857321
0.167761
0.40772
0.914518
0.921628
0.50711
0.0768089
0.127051
0.330208
0.630645
0.622988
0.915534
0.14807
0.0170339
0.798328
0.0132052
0.944601
0.629551
0.379044
0.520159
0.98656
0.985857
0.829036
0.860603
0.899594
0.593765
0.399203
0.0153149
0.414987
0.534849
0.262072
0.437568
0.570167
0.137365
0.630098
0.501016
0.717847
0.0672761
0.00140647
0.313643
0.936943
0.922097
0.611658
0.389123
0.767776
0.200734
0.760353
0.545554
0.649086
0.73488
0.865604
0.0146117
0.258165
0.566417
0.301063
0.131739
0.375606
0.753555
0.0296921
0.620878
0.44507
0.242772
0.134005
0.880919
0.429598
0.793015
0.828489
0.738631
0.701907
0.512971
0.383576
0.530708
0.338647
0.512346
0.244179
0.447648
0.817784
0.351617
0.404594
0.217534
0.506329
0.902641
0.273246
0.92913
0.179716
0.073449
0.377872
0.25879
0.705813
0.384123
0.65268
0.536334
0.59314
0.259806
0.932333
0.894124
0.374121
0.422488
0.207454
0.258712
0.688389
0.49875
0.212533
0.391233
0.238162
0.106032
0.643382
0.462963
0.232693
0.886467
0.666667
0.655102
0.0764182
0.0399281
0.903344
0.430067
0.897562
0.140725
0.379278
0.572433
0.642679
0.306142
0.26426
0.925457
0.360838
0.460541
0.692608
0.4396
0.0231286
0.15729
0.0729802
0.273324
0.946554
0.0650883
0.513596
0.522972
0.613768
0.859587
0.673074
0.0837631
0.677762
0.129161
0.800672
0.535943
0.506017
0.832943
0.731755
0.16862
0.599391
0.653696
0.762854
0.103063
0.981325
0.818487
0.508439
0.373027
0.178544
0.812158
0.0971246
0.657134
0.529458
0.0598531
0.346226
0.202375
0.126192
0.138537
0.891467
0.781763
0.319503
0.243632
0.325676
0.620097
0.270824
0.388967
0.732927
0.429989
0.880138
0.255352
0.939209
0.427332
0.287701
0.152368
0.975387
0.494296
0.219409
0.924519
0.151742
0.83599
0.411236
0.698547
0.763791
0.312158
0.605876
0.0997812
0.249492
0.632443
0.0236756
0.279262
0.270667
0.354118
0.962182
0.549773
0.589936
0.545476
0.631661
0.849508
0.425457
0.869589
0.903266
0.412643
0.0121113
0.700656
0.234177
0.217456
0.488905
0.0171902
0.833177
0.784029
0.824816
0.919753
0.0889201
0.827707
0.564385
0.848101
0.111814
0.932724
0.981247
0.801063
0.623066
0.932958
0.0334427
0.457181
0.943429
0.368183
0.0982966
0.918503
0.810205
0.661588
0.522582
0.526645
0.432646
0.472496
0.358337
0.903032
0.360369
0.355993
0.380294
0.798953
0.152602
0.0275824
0.150414
0.539772
0.359744
0.216596
0.297234
0.278012
0.991952
0.187998
0.920378
0.228317
0.910767
0.0852477
0.00875137
0.951477
0.16276
0.292624
0.250039
0.754415
0.221363
0.360056
0.286295
0.838803
0.0384435
0.572277
0.607829
0.535396
0.384044
0.635256
0.650961
0.152993
0.114705
0.577356
0.74035
0.0851696
0.991405
0.0660259
0.722691
0.147523
0.89514
0.600641
0.932489
0.928973
0.144866
0.302704
0.497656
0.968667
0.995937
0.0765745
0.0747773
0.67409
0.310283
0.187686
0.85068
0.686826
0.150258
0.504923
0.588998
0.336381
0.00703235
0.568136
0.684404
0.610173
0.0580559
0.945538
0.838647
0.00359431
0.801531
0.727614
0.245195
0.674168
0.327707
0.0730583
0.290749
0.831927
0.505235
0.658697
0.87795
0.767542
0.148461
0.104157
0.225191
0.213783
0.670027
0.404282
0.147836
0.964838
0.142132
0.692921
0.509298
0.564698
0.9178
0.653383
0.693155
0.561572
0.220816
0.238084
0.0886076
0.758009
0.0228161
0.0875918
0.531489
0.512893
0.366151
0.645335
0.898578
0.367245
0.88928
0.293874
0.528833
0.920534
0.263166
0.681513
0.965541
0.298953
0.661353
0.470308
0.870527
0.112283
0.0371933
0.293483
0.44171
0.493593
0.0625879
0.956087
0.190733
0.530161
0.216674
0.314659
0.163385
0.432021
0.333099
0.275277
0.382091
0.199641
0.516409
0.15018
0.487498
0.703626
0.896312
0.86201
0.213158
0.53063
0.321222
0.626973
0.80411
0.302547
0.462807
0.197843
0.115643
0.786451
0.364901
0.366542
0.732458
0.325441
0.567823
0.614705
0.0686045
0.297625
0.365135
0.418815
0.388576
0.645804
0.00304735
0.679559
0.529927
0.164401
0.65854
0.8431
0.996796
0.268245
0.814033
0.515315
0.906313
0.0921238
0.542038
0.865057
0.892718
0.0604782
0.485623
0.285435
0.647132
0.299266
0.731052
0.0117987
0.630958
0.692686
0.457025
0.908579
0.597437
0.218081
0.628301
0.10025
0.35404
0.944757
0.664401
0.149789
0.400375
0.276684
0.695734
0.136506
0.438428
0.761838
0.876621
0.471324
0.0969683
0.622285
0.758712
0.179637
0.0560244
0.492499
0.818722
0.560713
0.0291452
0.498906
0.247382
0.161978
0.118378
0.396234
0.353258
0.770511
0.810595
0.748711
0.949523
0.727223
0.158072
0.247226
0.127129
0.347632
0.516018
0.0630567
0.0605563
0.503047
0.170808
0.0872011
0.444366
0.0859509
0.165573
0.919909
0.123769
0.598453
0.444601
0.138225
0.821769
0.240194
0.559072
0.663307
0.905923
0.00500078
0.115096
0.664479
0.167214
0.285748
0.716831
0.840835
0.491483
0.592202
0.050711
0.307704
0.612752
0.633068
0.163072
0.362322
0.791608
0.514846
0.801766
0.779887
0.901391
0.99453
0.76301
0.137912
0.752071
0.698703
0.79864
0.0829036
0.486092
0.389983
0.959447
0.939991
0.601578
0.141506
0.553524
0.426238
0.0437568
0.757071
0.813799
0.463041
0.250117
0.771839
0.106735
0.800203
0.431396
0.193702
0.192218
0.861228
0.0389123
0.676825
0.920144
0.176043
0.254571
0.764963
0.573527
0.886623
0.701516
0.425848
0.956712
0.33013
0.613221
0.737615
0.475387
0.00296921
0.662135
0.644554
0.724332
0.51344
0.488123
0.843022
0.979372
0.382872
0.373887
0.370214
0.551336
0.938428
0.253086
0.433896
0.751289
0.524457
0.944835
0.681825
0.0351617
0.840522
0.421785
0.0506329
0.29028
0.727379
0.192921
0.0179716
0.0073449
0.637834
0.225895
0.370605
0.638459
0.365291
0.453665
0.159322
0.52602
0.293249
0.389436
0.837475
0.742303
0.520784
0.125879
0.0688389
0.349898
0.0212533
0.739178
0.823879
0.710658
0.464369
0.546335
0.823332
0.588686
0.266682
0.465541
0.807704
0.104001
0.190342
0.443038
0.789811
0.11408
0.437959
0.65729
0.564307
0.830677
0.226442
0.492577
0.836146
0.446085
0.469292
0.644007
0.60236
0.315752
0.407329
0.827395
0.494687
0.306532
0.351383
0.352321
0.561416
0.185967
0.467339
0.208392
0.467807
0.31294
0.780122
0.953665
0.650649
0.0832943
0.573215
0.816925
0.159947
0.665416
0.376309
0.910377
0.998203
0.581888
0.750899
0.437334
0.517893
0.481247
0.309736
0.0657134
0.652993
0.606032
0.13463
0.0202375
0.512658
0.313877
0.989217
0.578215
0.932021
0.824426
0.83263
0.662057
0.627129
0.838959
0.0732927
0.343022
0.488045
0.825598
0.0939209
0.942804
0.228786
0.0152368
0.397562
0.649476
0.822003
0.292468
0.21519
0.983669
0.341147
0.0698547
0.576418
0.531255
0.460619
0.710033
0.324973
0.463276
0.302391
0.427957
0.427098
0.235427
0.496249
0.655024
0.0589936
0.154555
0.463197
0.284966
0.542585
0.987029
0.0903266
0.141272
0.50125
0.77012
0.723472
0.321769
0.748945
0.00171902
0.383341
0.478434
0.682529
0.191983
0.808955
0.382794
0.356462
0.484841
0.111189
0.793327
0.898187
0.280122
0.462338
0.0932958
0.803407
0.145726
0.494374
0.236834
0.809892
0.591889
0.981091
0.766213
0.852321
0.0526645
0.743319
0.747304
0.635881
0.790358
0.236053
0.635646
0.738084
0.579934
0.315284
0.302782
0.51508
0.85404
0.436006
0.221675
0.429755
0.827864
0.599234
0.618847
0.992108
0.222847
0.691124
0.108533
0.200891
0.795202
0.316299
0.529301
0.0250039
0.575481
0.32216
0.836068
0.428661
0.583919
0.20386
0.457259
0.960853
0.253555
0.538444
0.0635256
0.165104
0.815362
0.811533
0.957806
0.574074
0.00851696
0.899203
0.506642
0.972339
0.814815
0.689561
0.760119
0.49328
0.992968
0.414518
0.430302
0.949836
0.796921
0.699641
0.00765745
0.707532
0.767464
0.131036
0.218784
0.785123
0.0686826
0.315049
0.250508
0.858962
0.533677
0.000703235
0.156821
0.968511
0.961088
0.305829
0.194562
0.383888
0.600406
0.880216
0.272777
0.824582
0.867479
0.432802
0.507345
0.129083
0.783247
0.65057
0.0658697
0.687842
0.376778
0.0148461
0.310439
0.222535
0.621425
0.567042
0.440459
0.214799
0.896546
0.914283
0.869355
0.850992
0.756524
0.691827
0.265354
0.169323
0.756212
0.622128
0.723863
0.408892
0.175809
0.202297
0.108767
0.253165
0.451321
0.636662
0.964604
0.0898578
0.0367245
0.188936
0.129395
0.852946
0.192061
0.826379
0.268167
0.796609
0.629942
0.466167
0.947101
0.18706
0.711283
0.603766
0.629395
0.344194
0.749414
0.106267
0.695656
0.119081
0.553055
0.321691
0.731521
0.116346
0.943272
0.333333
0.327551
0.0382091
0.520003
0.951711
0.215034
0.94882
0.570402
0.189639
0.286217
0.821378
0.153071
0.13213
0.462729
0.180419
0.23027
0.346304
0.2198
0.0115643
0.578684
0.0364901
0.136662
0.473277
0.532583
0.756837
0.761525
0.806923
0.929833
0.336537
0.0418815
0.338881
0.564619
0.900375
0.768011
0.253008
0.416471
0.865917
0.08431
0.799734
0.326848
0.881466
0.551571
0.990702
0.909283
0.754258
0.186514
0.589311
0.406079
0.548601
0.328567
0.264729
0.0299266
0.673152
0.101188
0.563135
0.569308
0.945773
0.89092
0.659791
0.121816
0.162838
0.310048
0.135412
0.194484
0.366464
0.715034
0.440069
0.127676
0.469605
0.713705
0.143851
0.0761838
0.987732
0.247148
0.109705
0.46226
0.0758712
0.918034
0.705657
0.349273
0.881935
0.656118
0.302938
0.54993
0.624785
0.316221
0.511877
0.139631
0.135334
0.177059
0.481091
0.274887
0.294968
0.772777
0.315831
0.424754
0.712768
0.934834
0.451633
0.70636
0.506095
0.850367
0.617128
0.608767
0.744491
0.00859509
0.916628
0.392014
0.412408
0.959916
0.0444601
0.913893
0.782232
0.424051
0.555946
0.966401
0.490624
0.400531
0.311533
0.466479
0.0167214
0.728629
0.471714
0.184091
0.0491483
0.959291
0.905141
0.830833
0.261291
0.263322
0.716362
0.736287
0.179169
0.951555
0.180184
0.177997
0.690186
0.899516
0.57634
0.51383
0.575246
0.269886
0.179872
0.108298
0.148617
0.139006
0.996015
0.0939991
0.960228
0.114158
0.455384
0.542663
0.00437568
0.975777
0.581419
0.646351
0.12502
0.877246
0.61072
0.180028
0.143147
0.919441
0.0192218
0.286138
0.803954
0.267698
0.692061
0.317628
0.82552
0.0764963
0.0573527
0.788717
0.870214
0.0425848
0.495702
0.533052
0.861385
0.0737615
0.44757
0.800359
0.466245
0.964526
0.0724332
0.151352
0.748867
0.984373
0.497968
0.0382872
0.537428
0.837084
0.65518
0.0938428
0.925379
0.343413
0.575168
0.252461
0.294499
0.668229
0.00351617
0.784107
0.842241
0.805126
0.529067
0.972808
0.919362
0.00179716
0.400766
0.363807
0.122597
0.337084
0.163854
0.536568
0.645413
0.916003
0.252618
0.329348
0.438975
0.88381
0.0742303
0.552118
0.112596
0.106892
0.835052
0.202141
0.0739178
0.482419
0.571105
0.34646
0.254649
0.782388
0.4589
0.326692
0.846617
0.780825
0.110408
0.619081
0.0443038
0.879044
0.011408
0.543835
0.265745
0.256446
0.183075
0.822707
0.449289
0.183622
0.944679
0.646976
0.264416
0.960306
0.131583
0.340756
0.98281
0.149476
0.330677
0.735193
0.935302
0.556181
0.0185967
0.146742
0.720894
0.746835
0.531333
0.478043
0.595406
0.76512
0.608376
0.657368
0.581732
0.716049
0.666589
0.637678
0.191045
0.599859
0.758243
0.0750899
0.743788
0.851852
0.948195
0.431005
0.106579
0.765354
0.66065
0.313486
0.902094
0.151274
0.731442
0.0989217
0.0578215
0.893265
0.18245
0.68331
0.366229
0.66276
0.783951
0.807392
0.0343022
0.648851
0.682607
0.209408
0.694327
0.822941
0.501563
0.839819
0.264963
0.0822003
0.32927
0.42155
0.998437
0.634162
0.407017
0.757697
0.953196
0.546101
0.771058
0.932568
0.946398
0.0302391
0.74285
0.642757
0.323566
0.149633
0.365526
0.505938
0.815518
0.846382
0.728551
0.45429
0.298719
0.60908
0.81419
0.550164
0.677059
0.972418
0.832239
0.574934
0.200188
0.638381
0.347867
0.568292
0.719253
0.380919
0.93835
0.235662
0.548523
0.311142
0.379356
0.589858
0.528051
0.746288
0.409361
0.280356
0.514612
0.749492
0.123691
0.581028
0.559228
0.698156
0.676668
0.885295
0.405298
0.374355
0.474762
0.863651
0.579075
0.123613
0.563604
0.673855
0.258009
0.531567
0.530317
0.251524
0.085404
0.0436006
0.722222
0.0429755
0.582825
0.959994
0.0618847
0.799266
0.2223
0.569151
0.910924
0.120097
0.779575
0.831692
0.452961
0.00250039
0.557587
0.332239
0.0836068
0.642913
0.358415
0.920456
0.245742
0.79614
0.525395
0.153852
0.306376
0.316534
0.581575
0.6812
0.895843
0.757462
0.900922
0.889983
0.450695
0.497265
0.881544
0.568995
0.876074
0.349351
0.899359
0.541491
0.743085
0.69503
0.979762
0.469995
0.800828
0.570792
0.276762
0.713158
0.0218784
0.878575
0.906939
0.231521
0.625098
0.38592
0.0533677
0.900141
0.715737
0.59689
0.0961088
0.430614
0.0194562
0.338412
0.460072
0.588061
0.127286
0.382482
0.286764
0.943351
0.350758
0.212924
0.478356
0.665104
0.30661
0.368808
0.237693
0.00148461
0.331067
0.822316
0.362166
0.756759
0.744101
0.92155
0.489686
0.191436
0.686982
0.185107
0.275668
0.469214
0.626582
0.716987
0.875684
0.262228
0.472418
0.340913
0.0175809
0.9203
0.210892
0.0253165
0.645179
0.863729
0.596499
0.00898578
0.00367245
0.818956
0.612986
0.685341
0.819269
0.682685
0.226832
0.5797
0.26301
0.646664
0.194718
0.418737
0.371152
0.760431
0.562979
0.534459
0.174949
0.0106267
0.369589
0.411939
0.855368
0.732224
0.273168
0.911705
0.294343
0.63338
0.232771
0.903891
0.552039
0.0951711
0.221519
0.394905
0.0570402
0.719019
0.328645
0.282153
0.915377
0.113221
0.246288
0.918112
0.723082
0.234646
0.322003
0.801219
0.657915
0.703704
0.913737
0.747382
0.653305
0.675731
0.676199
0.780747
0.0929833
0.733708
0.604235
0.733943
0.656509
0.390061
0.976871
0.825363
0.0416471
0.286607
0.908501
0.580013
0.332708
0.188154
0.955227
0.99914
0.790983
0.375449
0.718706
0.258947
0.740663
0.154868
0.532896
0.826535
0.303016
0.567354
0.510158
0.756368
0.656978
0.494609
0.289108
0.46601
0.912252
0.416315
0.831067
0.313565
0.919519
0.0366464
0.171511
0.244023
0.412799
0.0469605
0.471402
0.114393
0.507657
0.198781
0.324738
0.411002
0.646273
0.107595
0.991874
0.170574
0.0349273
0.788248
0.765667
0.730348
0.855055
0.662525
0.731677
0.151195
0.714018
0.213549
0.617753
0.748164
0.827551
0.529536
0.0772777
0.231599
0.642522
0.271292
0.493515
0.0451633
0.070636
0.750664
0.38506
0.861775
0.160885
0.874512
0.000859509
0.191671
0.739256
0.841303
0.596031
0.904516
0.691436
0.178231
0.74246
0.555634
0.896703
0.949133
0.6401
0.731208
0.0466479
0.401703
0.572902
0.747226
0.618456
0.904985
0.795984
0.490545
0.383107
0.42616
0.0263322
0.871699
0.373652
0.31794
0.895218
0.618065
0.817862
0.369042
0.289967
0.657681
0.65143
0.25754
0.42702
0.218003
0.610877
0.214877
0.913971
0.799656
0.309423
0.996093
0.111424
0.845601
0.554305
0.600484
0.89764
0.15815
0.264651
0.012502
0.787779
0.661119
0.418034
0.21433
0.791999
0.601969
0.228629
0.980466
0.626817
0.769261
0.531802
0.582591
0.90772
0.405767
0.478903
0.787076
0.504298
0.449602
0.253321
0.48617
0.407407
0.84482
0.380059
0.746679
0.496484
0.707298
0.71519
0.474918
0.8985
0.34982
0.00382872
0.853805
0.383732
0.565557
0.109392
0.392561
0.53438
0.157525
0.125254
0.92952
0.266839
0.500391
0.57845
0.984294
0.480544
0.152915
0.0972808
0.691983
0.300203
0.940147
0.636428
0.91233
0.43374
0.71644
0.753712
0.0645413
0.391624
0.325285
0.532974
0.84396
0.188389
0.00742303
0.655259
0.111267
0.810752
0.78356
0.720269
0.607439
0.448273
0.957181
0.434677
0.925535
0.378262
0.345913
0.132677
0.584701
0.378106
0.311064
0.361932
0.704485
0.0879044
0.601188
0.0543835
0.126582
0.22566
0.318331
0.982341
0.0449289
0.0183622
0.0944679
0.0646976
0.426473
0.0960306
0.41319
0.134083
0.898343
0.314971
0.233083
0.97359
0.0935302
0.855681
0.801922
0.814737
0.672136
0.874746
0.0531333
0.847867
0.0595406
0.276528
0.660885
0.36576
0.558212
0.471636
0.166667
0.163776
0.519144
0.760041
0.475856
0.107517
0.974449
0.285201
0.594859
0.643147
0.410689
0.576574
0.566104
0.231364
0.590248
0.615174
0.173152
0.609939
0.00578215
0.289342
0.518284
0.56837
0.736678
0.266292
0.378419
0.380763
0.903501
0.464916
0.668308
0.0209408
0.66948
0.28231
0.950227
0.884044
0.126504
0.208236
0.432958
0.542194
0.899906
0.663463
0.940772
0.775824
0.99539
0.95468
0.877168
0.593296
0.294655
0.703079
0.77434
0.664323
0.132364
0.515002
0.836615
0.550633
0.781607
0.284654
0.472886
0.44546
0.329895
0.560947
0.081419
0.155024
0.567745
0.597281
0.183232
0.857556
0.220034
0.0638381
0.234802
0.356853
0.571964
0.538131
0.993905
0.623613
0.0548523
0.23113
0.537975
0.959056
0.852868
0.174637
0.941006
0.828098
0.651508
0.274965
0.312393
0.65815
0.755977
0.569855
0.0676668
0.0885295
0.740584
0.137443
0.647523
0.386388
0.157915
0.212377
0.356384
0.467417
0.225817
0.35318
0.753086
0.925223
0.308564
0.804423
0.372246
0.00429755
0.958353
0.696046
0.206204
0.979997
0.522269
0.456946
0.891155
0.712064
0.778012
0.483201
0.745351
0.200266
0.655806
0.23324
0.00836068
0.864354
0.735896
0.0920456
0.524613
0.979684
0.452571
0.915456
0.130645
0.131661
0.358181
0.868183
0.589623
0.475777
0.0900922
0.0889983
0.845132
0.449758
0.28817
0.256915
0.287623
0.134943
0.0899359
0.0541491
0.0743085
0.569542
0.998047
0.547039
0.980153
0.557118
0.227692
0.771371
0.00218784
0.487889
0.790749
0.323175
0.0625098
0.938662
0.30536
0.0900141
0.0715737
0.959759
0.00961088
0.143069
0.902016
0.133849
0.84607
0.658853
0.912799
0.538287
0.0286764
0.394358
0.935146
0.521331
0.247851
0.266526
0.430692
0.0368808
0.223785
0.900219
0.733161
0.482263
0.536256
0.575715
0.374434
0.492186
0.749023
0.0191436
0.268714
0.918581
0.827629
0.54696
0.962729
0.671746
0.787623
0.62627
0.647289
0.334115
0.501797
0.892093
0.92116
0.402563
0.764573
0.486404
0.459681
0.500938
0.700422
0.181903
0.561338
0.168542
0.581966
0.768323
0.322707
0.95804
0.626348
0.664713
0.219487
0.941944
0.0371152
0.276059
0.556337
0.0534459
0.917565
0.60111
0.0369589
0.24121
0.785591
0.17323
0.627364
0.891233
0.729489
0.663385
0.923347
0.890452
0.555243
0.80958
0.522191
0.439522
0.00570402
0.271917
0.632911
0.128223
0.591577
0.911392
0.224644
0.0918112
0.472339
0.323488
0.132208
0.480153
0.0657915
0.670417
0.491405
0.574777
0.165338
0.867636
0.467651
0.27809
0.00929833
0.0733708
0.360447
0.373418
0.265667
0.239022
0.297703
0.38256
0.304188
0.828723
0.790905
0.358025
0.833333
0.818878
0.595562
0.799969
0.379122
0.537584
0.871933
0.425926
0.974137
0.215502
0.0532896
0.882716
0.830364
0.156743
0.951086
0.0756368
0.86576
0.0494609
0.0289108
0.446632
0.591264
0.841694
0.683154
0.33138
0.892014
0.903735
0.51719
0.324426
0.341303
0.104704
0.347164
0.411471
0.75082
0.419909
0.632521
0.0411002
0.164635
0.710814
0.499219
0.317081
0.703547
0.878887
0.976637
0.77309
0.385529
0.966323
0.473199
0.515159
0.871464
0.321378
0.661822
0.574855
0.182763
0.753008
0.907798
0.423191
0.364276
0.227145
0.649398
0.804579
0.407095
0.775121
0.838569
0.986248
0.916159
0.287467
0.100094
0.31919
0.173933
0.784185
0.859666
0.690499
0.969214
0.117831
0.274262
0.155571
0.689717
0.794968
0.264026
0.873183
0.704719
0.140178
0.257306
0.374746
0.561885
0.290514
0.779653
0.849117
0.338334
0.442647
0.702688
0.687217
0.237381
0.931864
0.789576
0.0618065
0.781841
0.336928
0.129005
0.765823
0.765198
0.625801
0.542741
0.0218003
0.86115
0.0214877
0.791452
0.479997
0.0309423
0.899672
0.611189
0.284576
0.455462
0.560088
0.889827
0.415846
0.72652
0.0012502
0.278794
0.16612
0.0418034
0.321456
0.679247
0.460228
0.62291
0.898109
0.262697
0.576965
0.653227
0.658306
0.790827
0.3406
0.947961
0.378731
0.450461
0.444991
0.225348
0.248633
0.440772
0.284498
0.438037
0.674715
0.44968
0.270745
0.371542
0.847554
0.98992
0.735037
0.900453
0.785435
0.138381
0.856618
0.0109392
0.439287
0.953508
0.615799
0.312549
0.692999
0.526723
0.45007
0.357868
0.798484
0.0480544
0.715346
0.509767
0.669245
0.230036
0.29403
0.563682
0.69128
0.143382
0.971714
0.675418
0.606501
0.239178
0.332552
0.153305
0.184404
0.118847
0.500781
0.665573
0.411158
0.681122
0.878419
0.872089
0.460775
0.744882
0.0957181
0.343491
0.592593
0.137834
0.734646
0.81333
0.358494
0.937881
0.131114
0.236209
0.670495
0.50883
0.46015
0.605485
0.0126582
0.822629
0.431864
0.29825
0.504532
0.501875
0.909517
0.806532
0.84271
0.909673
0.841381
0.613455
0.789889
0.131505
0.323332
0.097359
0.709408
0.185576
0.380216
0.781528
0.267229
0.587514
0.00531333
0.184794
0.20597
0.927723
0.866151
0.136584
0.455852
0.647211
0.31669
0.616424
0.451946
0.776059
0.0475856
0.610799
0.197453
0.0285201
0.359509
0.164323
0.641116
0.957728
0.556649
0.123144
0.459056
0.361541
0.617362
0.661041
0.400609
0.328958
0.351852
0.456868
0.87373
0.826692
0.337865
0.3381
0.390373
0.0464916
0.366854
0.802157
0.86701
0.328254
0.19503
0.488436
0.912721
0.520863
0.143304
0.95429
0.790045
0.166354
0.0940772
0.977653
0.999609
0.895531
0.687764
0.359353
0.129473
0.87037
0.077434
0.266448
0.413268
0.151508
0.783716
0.755118
0.378184
0.328489
0.247304
0.144554
0.233005
0.956165
0.208158
0.415534
0.656821
0.459759
0.518362
0.585795
0.62205
0.706439
0.523519
0.73574
0.0571964
0.753868
0.0993905
0.162369
0.205501
0.823175
0.553837
0.495937
0.585326
0.517503
0.394124
0.882872
0.865213
0.927567
0.831302
0.365838
0.575637
0.357009
0.606814
0.308876
0.874121
0.913815
0.764807
0.538678
0.115799
0.8213
0.135646
0.246757
0.0225817
0.035318
0.875371
0.19253
0.930927
0.580481
0.437256
0.500469
0.595874
0.869667
0.920691
0.298015
0.452258
0.845757
0.589155
0.37123
0.777856
0.448351
0.974605
0.32005
0.365604
0.523363
0.700891
0.286451
0.873652
0.809267
0.452493
0.898031
0.245273
0.691592
0.21308
0.513205
0.435849
0.186826
0.659009
0.947648
0.309033
0.90897
0.68456
0.645023
0.82888
0.825754
0.12877
0.713549
0.109001
0.305438
0.107439
0.957025
0.399828
0.154712
0.498047
0.0557118
0.4228
0.277153
0.800281
0.44882
0.0790749
0.632364
0.00625098
0.39389
0.830599
0.209017
0.607204
0.395999
0.300985
0.114315
0.490233
0.313408
0.884669
0.265901
0.291296
0.953899
0.702922
0.739491
0.893577
0.252149
0.224801
0.12666
0.243085
0.203704
0.42241
0.19003
0.37334
0.248242
0.353649
0.857634
0.237459
0.949289
0.674949
0.501953
0.926942
0.691905
0.282779
0.054696
0.196281
0.767229
0.0787623
0.562666
0.46476
0.633458
0.250195
0.789264
0.992186
0.240272
0.576496
0.548679
0.345992
0.150102
0.470073
0.818253
0.456165
0.716909
0.858259
0.376856
0.0322707
0.195812
0.662682
0.766526
0.922019
0.594233
0.503751
0.327629
0.0556337
0.405376
0.39178
0.360134
0.303719
0.724176
0.47859
0.717378
0.962807
0.68917
0.672996
0.0663385
0.792389
0.689092
0.655571
0.180966
0.352243
0.543991
0.300594
0.0271917
0.0632911
0.11283
0.159165
0.49117
0.522504
0.50922
0.547273
0.0323488
0.213236
0.548054
0.206595
0.0670417
0.949211
0.657525
0.616581
0.486795
0.546804
0.927879
0.901
0.907407
0.336068
0.937412
0.0265667
0.923972
0.0297703
0.638303
0.330442
0.682919
0.279106
0.235818
0.583372
0.0818878
0.259572
0.880059
0.237928
0.0537584
0.987264
0.1426
0.797468
0.821613
0.205345
0.788326
0.783091
0.615721
0.295124
0.807626
0.086576
0.30497
0.00289108
0.64471
0.759181
0.284185
0.368339
0.133146
0.689248
0.69042
0.951789
0.232458
0.834193
0.0104704
0.33474
0.641194
0.975152
0.442022
0.563291
0.604157
0.716518
0.771136
0.949992
0.831771
0.470386
0.887951
0.997734
0.47734
0.438584
0.796687
0.647367
0.351539
0.38717
0.332161
0.0661822
0.75754
0.918347
0.775356
0.890842
0.642366
0.236443
0.722769
0.164948
0.780513
0.0407095
0.0775121
0.283872
0.29864
0.591655
0.928817
0.110017
0.531958
0.61744
0.678465
0.285982
0.769105
0.496953
0.811846
0.0274262
0.115565
0.769026
0.479528
0.926473
0.587357
0.970542
0.414049
0.325754
0.637521
0.156196
0.829114
0.878028
0.784966
0.0338334
0.544304
0.370292
0.568761
0.823801
0.693233
0.578997
0.106188
0.678231
0.233708
0.112908
0.17659
0.376543
0.96265
0.654321
0.90225
0.186123
0.502188
0.979216
0.348023
0.603141
0.489998
0.261135
0.228473
0.945617
0.856071
0.889045
0.2416
0.872714
0.600172
0.827942
0.616659
0.504219
0.432177
0.367948
0.0460228
0.262307
0.489842
0.226285
0.457728
0.0653227
0.56587
0.17909
0.93413
0.294812
0.737928
0.545085
0.544538
0.422566
0.224879
0.144085
0.128458
0.643851
0.567511
0.545007
0.527114
0.537193
0.78481
0.999062
0.773558
0.490077
0.278559
0.113846
0.385685
0.00109392
0.243944
0.395374
0.161588
0.0312549
0.96937
0.15268
0.045007
0.0357868
0.979919
0.504845
0.571574
0.451008
0.566964
0.423035
0.329426
0.456399
0.769183
0.514377
0.697218
0.467573
0.260666
0.123926
0.633302
0.215346
0.0184404
0.111892
0.950148
0.86662
0.241131
0.768167
0.287857
0.187217
0.746132
0.374512
0.509611
0.634396
0.459291
0.413815
0.27348
0.981403
0.835912
0.393812
0.813174
0.323644
0.167057
0.250899
0.946085
0.960619
0.201281
0.882325
0.743241
0.72988
0.750508
0.350211
0.0909517
0.280669
0.58431
0.290983
0.884201
0.161353
0.979059
0.313174
0.832396
0.609783
0.971011
0.518597
0.638068
0.278168
0.0267229
0.958822
0.800594
0.518519
0.620644
0.392796
0.586654
0.813721
0.445617
0.364744
0.331692
0.961713
0.445226
0.277622
0.904829
0.761135
0.7198
0.502891
0.135959
0.316456
0.564151
0.795827
0.455696
0.612361
0.545945
0.736209
0.161744
0.0661041
0.740116
0.0328958
0.335209
0.745742
0.287389
0.0826692
0.433818
0.733865
0.639084
0.504688
0.536724
0.680263
0.686748
0.132833
0.61955
0.148851
0.19128
0.652133
0.414362
0.395452
0.179012
0.916706
0.409439
0.297781
0.399984
0.189561
0.268792
0.936006
0.713002
0.987107
0.107751
0.0266448
0.941397
0.915221
0.0783716
0.475543
0.0378184
0.43288
0.524769
0.0144554
0.223316
0.795671
0.420847
0.841616
0.665729
0.446007
0.451867
0.758634
0.162213
0.170652
0.0523519
0.673621
0.205735
0.875449
0.209955
0.816299
0.0205501
0.582357
0.855446
0.749648
0.15854
0.351774
0.439444
0.988358
0.386545
0.192764
0.983201
0.236599
0.757618
0.935771
0.660728
0.330911
0.787467
0.591421
0.876543
0.453899
0.211596
0.182138
0.613612
0.824738
0.902328
0.203547
0.387561
0.419284
0.493124
0.958118
0.643772
0.550086
0.659634
0.0869667
0.392093
0.429833
0.845288
0.484607
0.0589155
0.137131
0.577825
0.844898
0.397484
0.632052
0.936631
0.852399
0.0700891
0.628692
0.187373
0.780981
0.145257
0.389827
0.924598
0.169167
0.721363
0.851383
0.843647
0.11869
0.465932
0.894827
0.530942
0.39092
0.168464
0.564541
0.88295
0.882638
0.81294
0.271371
0.510939
0.930614
0.510783
0.895765
0.740038
0.0154712
0.449836
0.305595
0.142288
0.72777
0.280044
0.444913
0.207923
0.36326
0.000625098
0.139397
0.0830599
0.520941
0.160728
0.839662
0.230114
0.311455
0.449055
0.131349
0.288483
0.326614
0.829192
0.895452
0.670339
0.47398
0.689405
0.72527
0.722535
0.112674
0.124316
0.720425
0.642288
0.219019
0.837396
0.724879
0.635412
0.68581
0.923816
0.994999
0.867557
0.450227
0.392718
0.56923
0.928348
0.0054696
0.219644
0.976793
0.807939
0.156274
0.846539
0.763401
0.225035
0.178934
0.899281
0.524066
0.857712
0.254884
0.834662
0.115018
0.647054
0.281841
0.845679
0.57173
0.485857
0.337709
0.303251
0.619628
0.166276
0.0766526
0.0922019
0.559462
0.75043
0.332786
0.205579
0.8406
0.439209
0.936084
0.730427
0.87248
0.547898
0.171746
0.296296
0.068917
0.367323
0.906704
0.179247
0.96898
0.0655571
0.618143
0.835287
0.254415
0.730114
0.802782
0.00632911
0.411314
0.715971
0.649164
0.752305
0.750977
0.454759
0.403266
0.921394
0.454837
0.420691
0.806767
0.894984
0.565792
0.161666
0.0486795
0.854743
0.592827
0.190108
0.390764
0.133615
0.793796
0.00265667
0.592436
0.102985
0.963901
0.933115
0.0682919
0.227926
0.823644
0.658384
0.808251
0.225973
0.388029
0.523832
0.805438
0.598765
0.514299
0.679794
0.5822
0.820597
0.978903
0.278325
0.0615721
0.729567
0.68081
0.80872
0.33052
0.700344
0.164479
0.675965
0.728473
0.436865
0.413346
0.168933
0.669089
0.195187
0.523285
0.683466
0.401078
0.433505
0.664166
0.0975152
0.744257
0.956399
0.260431
0.0716518
0.977184
0.895062
0.583216
0.0470386
0.488826
0.999844
0.947804
0.343882
0.679716
0.564776
0.935224
0.538756
0.133224
0.706673
0.575793
0.391858
0.377559
0.189092
0.164244
0.623691
0.0722769
0.116503
0.978122
0.104079
0.207767
0.328411
0.22988
0.259181
0.792936
0.811064
0.853258
0.26176
0.36787
0.0285982
0.376934
0.0496953
0.0811846
0.10275
0.911627
0.276918
0.748008
0.792702
0.75879
0.197062
0.941475
0.932646
0.963822
0.91569
0.182919
0.787857
0.678544
0.303407
0.654477
0.9371
0.956946
0.382404
0.269339
0.0578997
0.910689
0.0678231
0.123379
0.51133
0.017659
0.937725
0.096265
0.465463
0.79028
0.218628
0.750273
0.297937
0.434834
0.960384
0.149008
0.226129
0.422879
0.294577
0.685654
0.888967
0.224176
0.987342
0.160025
0.682841
0.261682
0.350445
0.143226
0.936865
0.904673
0.726285
0.949055
0.622675
0.845835
0.606579
0.256603
0.217925
0.593452
0.329505
0.473824
0.654555
0.954524
0.842319
0.82255
0.41444
0.412877
0.0643851
0.356774
0.55454
0.652758
0.553758
0.478512
0.699953
0.0773558
0.249023
0.527895
0.711439
0.638615
0.400141
0.22441
0.0395374
0.816221
0.00312549
0.696984
0.415299
0.604548
0.803641
0.198
0.150492
0.557196
0.245116
0.656743
0.442335
0.63299
0.145648
0.47695
0.351461
0.369745
0.446789
0.626113
0.612439
0.563369
0.621581
0.601891
0.211205
0.0950148
0.18667
0.62416
0.176825
0.428817
0.618769
0.974684
0.337475
0.250977
0.96351
0.845992
0.641428
0.027348
0.0981403
0.883654
0.0393812
0.781372
0.23238
0.816768
0.125098
0.894671
0.496093
0.620175
0.288248
0.27434
0.172996
0.57509
0.235037
0.409126
0.228083
0.858494
0.42913
0.688467
0.516174
0.0979059
0.83138
0.383263
0.46101
0.797156
0.751914
0.663854
0.0278168
0.202688
0.19589
0.680106
0.651899
0.362088
0.739334
0.858728
0.481403
0.344585
0.836537
0.533208
0.896234
0.844585
0.327786
0.0904829
0.176121
0.271996
0.650336
0.0135959
0.0316456
0.0564151
0.579622
0.245585
0.761291
0.754649
0.273637
0.0161744
0.606657
0.274027
0.103297
0.0335209
0.474605
0.828801
0.808329
0.243397
0.273402
0.963979
0.950539
0.953743
0.668073
0.968745
0.0132833
0.962025
0.514924
0.81919
0.66526
0.34146
0.139553
0.117909
0.291686
0.0409439
0.129786
0.940069
0.619003
0.0268792
0.993671
0.571339
0.398734
0.910845
0.102672
0.894202
0.391546
0.307861
0.647601
0.403813
0.043288
0.652524
0.501485
0.822394
0.379591
0.642132
0.184169
0.0665729
0.844663
0.34521
0.975934
0.616268
0.417096
0.00523519
0.16737
0.320597
0.487576
0.72105
0.781685
0.302078
0.358259
0.885607
0.474996
0.915924
0.235193
0.443976
0.998906
0.738709
0.719331
0.398343
0.823722
0.675809
0.693624
0.66612
0.53313
0.878809
0.959212
0.887717
0.94546
0.821222
0.118222
0.361385
0.582513
0.890295
0.520394
0.0387561
0.641975
0.14932
0.295827
0.964448
0.0550086
0.265979
0.30872
0.839272
0.142991
0.884591
0.248476
0.405923
0.513752
0.557822
0.384513
0.739803
0.963276
0.793718
0.98531
0.707064
0.662916
0.8188
0.578137
0.914596
0.939053
0.392483
0.516956
0.272152
0.685185
0.784419
0.911939
0.346617
0.289498
0.553133
0.339115
0.616893
0.556493
0.088295
0.688311
0.481325
0.32716
0.951164
0.0930614
0.751133
0.489608
0.174012
0.80161
0.745038
0.130567
0.114237
0.472808
0.428036
0.444523
0.1208
0.936396
0.800125
0.413971
0.308329
0.752149
0.716128
0.684013
0.52305
0.631192
0.74496
0.113143
0.228864
0.0326614
0.282935
0.0895452
0.967104
0.647445
0.368964
0.272543
0.772308
0.211283
0.112439
0.0720425
0.0642288
0.321925
0.783794
0.772543
0.263557
0.768636
0.392405
0.499531
0.386779
0.245038
0.639319
0.556962
0.192843
0.00054696
0.121972
0.197687
0.0807939
0.0156274
0.484685
0.0763401
0.0225035
0.0178934
0.989998
0.752461
0.785826
0.225504
0.283482
0.211517
0.164713
0.728239
0.384591
0.757228
0.848648
0.233787
0.130333
0.0619628
0.81669
0.107673
0.00922019
0.0559462
0.475074
0.933349
0.120566
0.884123
0.143929
0.0936084
0.873105
0.687295
0.254805
0.817237
0.229645
0.206907
0.13674
0.490702
0.417956
0.196906
0.906626
0.161822
0.0835287
0.625488
0.473043
0.480309
0.100641
0.441163
0.371621
0.864979
0.875293
0.175105
0.0454759
0.140334
0.292155
0.145491
0.4421
0.580716
0.48953
0.156587
0.916237
0.304891
0.985545
0.759337
0.319034
0.139084
0.0133615
0.97945
0.400297
0.259259
0.810361
0.696437
0.293327
0.40686
0.722847
0.182372
0.665885
0.480856
0.222613
0.63885
0.452414
0.880606
0.3599
0.251446
0.0679794
0.158228
0.282075
0.897953
0.227848
0.80622
0.773011
0.368104
0.080872
0.033052
0.370058
0.516487
0.167604
0.372871
0.143694
0.0413346
0.216909
0.366932
0.819581
0.752383
0.768401
0.340131
0.843413
0.0664166
0.809814
0.574465
0.0956399
0.326067
0.70722
0.697765
0.589545
0.458353
0.204719
0.64893
0.700031
0.0947804
0.134396
0.968042
0.85654
0.993593
0.553915
0.513361
0.470699
0.95765
0.539225
0.237772
0.0189092
0.21644
0.262385
0.507267
0.111658
0.897875
0.210424
0.920847
0.332865
0.223004
0.725973
0.879356
0.0811064
0.0853258
0.026176
0.83685
0.602907
0.437725
0.605016
0.908189
0.510314
0.791217
0.427723
0.374824
0.579309
0.175887
0.219722
0.994218
0.693311
0.596421
0.991639
0.1183
0.378809
0.467886
0.330364
0.665495
0.393733
0.795749
0.438272
0.726989
0.105798
0.591108
0.806845
0.912408
0.451164
0.601813
0.19378
0.209642
0.746601
0.479059
0.821925
0.275043
0.329817
0.543522
0.196046
0.714955
0.422644
0.242303
0.0294577
0.568604
0.788951
0.922488
0.698781
0.816065
0.968354
0.926238
0.535084
0.314346
0.0936865
0.89053
0.572668
0.694952
0.962338
0.584623
0.360681
0.425692
0.921863
0.559384
0.733005
0.447414
0.76551
0.695499
0.0842319
0.78231
0.441475
0.441319
0.40647
0.635724
0.755509
0.465307
0.755431
0.447882
0.870058
0.00773558
0.724957
0.652836
0.571183
0.363885
0.140022
0.222457
0.604001
0.681669
0.000312549
0.0696984
0.541569
0.760509
0.580403
0.419831
0.615096
0.155727
0.724566
0.565713
0.144241
0.163307
0.414596
0.447726
0.835209
0.23699
0.844741
0.362635
0.861306
0.0563369
0.562197
0.360213
0.321144
0.609548
0.918737
0.862479
0.317706
0.842944
0.961947
0.4975
0.933818
0.225113
0.196359
0.784654
0.964213
0.0027348
0.609861
0.988436
0.403969
0.0781372
0.423269
0.3817
0.112518
0.0894671
0.94968
0.762072
0.928895
0.127442
0.417331
0.057509
0.823566
0.64096
0.922879
0.785904
0.242929
0.168855
0.651664
0.309814
0.083138
0.538365
0.046101
0.279731
0.375215
0.666432
0.602829
0.4203
0.719644
0.468042
0.365213
0.43624
0.273949
0.0858728
0.148148
0.0344585
0.683701
0.453352
0.0896234
0.984529
0.532818
0.809111
0.417643
0.127207
0.365057
0.401391
0.503204
0.205657
0.858025
0.324582
0.376153
0.875527
0.227379
0.701672
0.460697
0.727457
0.210345
0.903422
0.447492
0.782935
0.580872
0.524379
0.927411
0.796453
0.595093
0.695421
0.0668073
0.896937
0.00132833
0.296218
0.0514924
0.48195
0.466557
0.034146
0.614002
0.911861
0.329192
0.404126
0.112986
0.194015
0.261916
0.402719
0.799422
0.25715
0.339897
0.791139
0.410298
0.489451
0.139162
0.0307861
0.864823
0.840444
0.40436
0.16526
0.850211
0.582278
0.838022
0.864276
0.718472
0.206673
0.0844663
0.834584
0.0975934
0.761682
0.841772
0.700578
0.216753
0.332083
0.0487576
0.872168
0.4782
0.630255
0.535865
0.488592
0.94757
0.291608
0.0235193
0.244413
0.499922
0.473902
0.67198
0.839897
0.282388
0.967651
0.769417
0.566651
0.353336
0.787936
0.695968
0.188779
0.094546
0.0821222
0.311846
0.536178
0.55829
0.489061
0.0520394
0.603922
0.664244
0.11494
0.62963
0.396468
0.405532
0.426629
0.13088
0.183935
0.0142991
0.188467
0.0248476
0.540631
0.551414
0.955852
0.138459
0.874043
0.89639
0.879434
0.098531
0.970777
0.466323
0.98195
0.957884
0.591499
0.893968
0.339272
0.651742
0.327239
0.968589
0.978512
0.191202
0.634709
0.528989
0.955384
0.0339115
0.561728
0.255665
0.0088295
0.968901
0.0481325
0.732771
0.39514
0.109314
0.375137
0.649008
0.717456
0.980231
0.574543
0.113065
0.211439
0.147289
0.842866
0.944523
0.612127
0.493671
0.0800125
0.84146
0.63088
0.675262
0.571652
0.468433
0.452336
0.863182
0.474527
0.811377
0.922957
0.803329
0.128301
0.609001
0.796765
0.664791
0.236912
0.827317
0.477262
0.42116
0.911314
0.20722
0.206439
0.0321925
0.178387
0.777309
0.326379
0.776918
0.239256
0.349977
0.0386779
0.624551
0.263947
0.855759
0.819347
0.700109
0.112205
0.0197687
0.408111
0.00156274
0.348492
0.707689
0.802313
0.90186
0.0989998
0.0752461
0.778637
0.622597
0.828411
0.721206
0.816534
0.0728239
0.238475
0.175731
0.184873
0.223394
0.813096
0.30622
0.281685
0.81083
0.800985
0.605642
0.0475074
0.593374
0.31208
0.588451
0.214409
0.809423
0.487342
0.668776
0.125488
0.981794
0.923035
0.820753
0.013674
0.0490702
0.941866
0.0196906
0.390686
0.11619
0.908423
0.562588
0.447336
0.748086
0.810127
0.644163
0.637209
0.0864979
0.287545
0.117518
0.204563
0.61408
0.929286
0.214565
0.844273
0.258087
0.548992
0.41569
0.691671
0.230505
0.398578
0.875996
0.331927
0.0139084
0.101344
0.597984
0.340053
0.825988
0.181044
0.369667
0.429364
0.740741
0.172293
0.418268
0.266604
0.448117
0.922332
0.663932
0.0452414
0.0880606
0.636037
0.825207
0.00679794
0.515862
0.0282075
0.289811
0.622832
0.880684
0.377325
0.136818
0.508126
0.303329
0.637053
0.0516487
0.516799
0.237303
0.91444
0.904204
0.621738
0.63674
0.982028
0.975309
0.476871
0.334037
0.484373
0.00664166
0.481013
0.257462
0.409595
0.33263
0.17073
0.0697765
0.558994
0.645882
0.0204719
0.564932
0.970073
0.309501
0.0134396
0.996875
0.28567
0.699406
0.955462
0.0513361
0.447101
0.695812
0.15393
0.323801
0.201907
0.021644
0.826301
0.250742
0.911236
0.189795
0.321066
0.592124
0.0332865
0.422332
0.172605
0.487967
0.808173
0.208548
0.502657
0.083685
0.660338
0.243788
0.360525
0.390842
0.151039
0.679169
0.442804
0.737537
0.457962
0.117596
0.221988
0.499453
0.369355
0.359666
0.199172
0.411861
0.837943
0.846851
0.833099
0.766604
0.939444
0.479606
0.943897
0.47273
0.410611
0.55915
0.680731
0.791296
0.445148
0.260197
0.019378
0.320988
0.574699
0.147914
0.982263
0.0275043
0.13299
0.654399
0.919675
0.0714955
0.942335
0.124238
0.703
0.756915
0.77895
0.692296
0.369902
0.481638
0.396859
0.492655
0.853571
0.331458
0.909439
0.789108
0.957337
0.469526
0.696281
0.258478
0.636115
0.842632
0.892249
0.956009
0.173308
0.644788
0.776606
0.169558
0.808486
0.278247
0.0441475
0.844194
0.240663
0.663619
0.975621
0.54657
0.875606
0.244804
0.587045
0.900844
0.872558
0.565323
0.0571183
0.736443
0.214018
0.7223
0.0604001
0.468198
0.400063
0.206985
0.154165
0.376074
0.858103
0.342007
0.261525
0.315596
0.37248
0.0565713
0.614471
0.0163307
0.641506
0.0447726
0.983591
0.323722
0.184482
0.136271
0.386154
0.105642
0.556259
0.0360213
0.0321144
0.160963
0.891936
0.88631
0.631817
0.884357
0.196203
0.749805
0.19339
0.122519
0.319659
0.278481
0.0964213
0.500313
0.561025
0.0988436
0.0403969
0.00781372
0.742382
0.538209
0.0112518
0.508986
0.494999
0.376231
0.892952
0.112752
0.141741
0.605798
0.0823566
0.364119
0.192296
0.878653
0.924363
0.116893
0.0651664
0.53102
0.408345
0.0538365
0.0046101
0.0279731
0.237537
0.966714
0.560322
0.9421
0.0719644
0.0468042
0.436553
0.343647
0.627442
0.908658
0.614862
0.103454
0.0683701
0.245351
0.709017
0.0984529
0.953352
0.58095
0.541803
0.812783
0.236521
0.740194
0.0503204
0.220581
0.18581
0.432489
0.437647
0.587592
0.0227379
0.0701672
0.646117
0.0727457
0.22105
0.290358
0.744804
0.0782935
0.458118
0.152446
0.992811
0.379669
0.659556
0.0695421
0.50672
0.989764
0.700188
0.12963
0.90522
0.848258
0.146664
0.703469
0.861463
0.0911861
0.332943
0.240428
0.611346
0.319425
0.226207
0.440303
0.17995
0.125723
0.0339897
0.579153
0.141038
0.448976
0.113924
0.40311
0.886545
0.684091
0.540475
0.516565
0.185029
0.258243
0.583841
0.186435
0.571886
0.520706
0.108454
0.183466
0.90983
0.876231
0.384201
0.670105
0.421707
0.0332083
0.404907
0.287232
0.04782
0.663072
0.853649
0.348883
0.794812
0.229176
0.10236
0.824504
0.850055
0.547429
0.067198
0.98406
0.42827
0.496796
0.776996
0.256681
0.235349
0.478825
0.769652
0.618925
0.0094546
0.10822
0.131192
0.253633
0.555868
0.948976
0.605251
0.960463
0.166432
0.111502
0.863025
0.439678
0.0405532
0.0426629
0.513127
0.418425
0.301453
0.218862
0.802547
0.954133
0.755196
0.395609
0.213862
0.687451
0.289655
0.587982
0.109861
0.497109
0.846695
0.79825
0.995859
0.0591499
0.189405
0.233943
0.165182
0.832786
0.696906
0.397875
0.719175
0.363494
0.0528989
0.795593
0.403422
0.956243
0.225582
0.300906
0.0968901
0.60486
0.87334
0.739569
0.911002
0.137521
0.664948
0.271761
0.598062
0.357478
0.711361
0.621191
0.514768
0.784341
0.894515
0.461244
0.84943
0.408033
0.984216
0.463119
0.267542
0.657212
0.546882
0.945304
0.786373
0.347476
0.481169
0.292311
0.180341
0.212846
0.460931
0.779731
0.866542
0.223707
0.882794
0.847789
0.042116
0.391155
0.220738
0.220659
0.203235
0.317862
0.877793
0.732693
0.377715
0.223941
0.935068
0.503907
0.362479
0.826457
0.285591
0.681982
0.0700109
0.611267
0.302
0.340835
0.000156274
0.0348492
0.770824
0.880294
0.290202
0.709955
0.307548
0.577903
0.862322
0.282857
0.0721206
0.0816534
0.207298
0.223863
0.917643
0.618534
0.92241
0.681356
0.930692
0.528208
0.781138
0.180106
0.160572
0.804813
0.459369
0.431239
0.158853
0.421472
0.981013
0.748789
0.966948
0.612596
0.598218
0.392327
0.482107
0.501406
0.80497
0.494218
0.201985
0.0390686
0.711674
0.690889
0.0562588
0.544773
0.47484
0.881075
0.464448
0.56376
0.708704
0.0287545
0.411783
0.820519
0.961478
0.392952
0.621503
0.584466
0.325832
0.654946
0.041569
0.269183
0.0230505
0.139866
0.187607
0.833255
0.801453
0.710189
0.359822
0.234021
0.182607
0.718159
0.136975
0.542975
0.0740741
0.517268
0.34185
0.226676
0.544851
0.492264
0.766448
0.904594
0.708861
0.0636037
0.182529
0.700734
0.251602
0.102829
0.929051
0.162291
0.188076
0.937803
0.11369
0.350836
0.230348
0.363729
0.105173
0.451711
0.723785
0.391467
0.290436
0.762228
0.963744
0.898265
0.297546
0.347711
0.533443
0.948508
0.500703
0.648148
0.525785
0.240975
0.733318
0.517112
0.307001
0.455931
0.664635
0.202063
0.0564932
0.597046
0.130958
0.20136
0.89975
0.628614
0.169948
0.895609
0.705188
0.244726
0.56962
0.015393
0.432411
0.420222
0.702219
0.582669
0.925145
0.291139
0.91905
0.932177
0.859275
0.603376
0.542272
0.917331
0.548836
0.380841
0.920925
0.350289
0.108376
0.166042
0.0243788
0.436084
0.2391
0.315127
0.267932
0.744335
0.973824
0.145804
0.511799
0.122207
0.249961
0.73699
0.33599
0.919987
0.141194
0.483826
0.884748
0.283326
0.176668
0.393968
0.848023
0.0943897
0.047273
0.5411
0.655962
0.268089
0.779184
0.744569
0.0260197
0.802
0.832161
0.557509
0.314815
0.198234
0.202766
0.213315
0.565479
0.0919675
0.507189
0.0942335
0.0124238
0.770355
0.775746
0.977965
0.0692296
0.437021
0.448195
0.939756
0.549305
0.485388
0.233161
0.991014
0.978981
0.295749
0.947023
0.169636
0.82591
0.163619
0.484294
0.989295
0.59564
0.817393
0.264494
0.977731
0.0169558
0.780903
0.127832
0.504454
0.484451
0.0240663
0.366385
0.697609
0.554696
0.687607
0.324504
0.358728
0.990155
0.787311
0.556571
0.10572
0.573683
0.921472
0.472261
0.306063
0.246835
0.0400063
0.920769
0.31544
0.337631
0.285826
0.734255
0.726207
0.93163
0.737303
0.405688
0.461478
0.901703
0.0641506
0.304501
0.898422
0.332396
0.118456
0.413658
0.238631
0.21058
0.955696
0.10361
0.103219
0.0160963
0.589233
0.388654
0.663229
0.888498
0.119628
0.675027
0.519378
0.812314
0.131974
0.427879
0.409673
0.350055
0.0561025
0.509923
0.704094
0.000781372
0.174246
0.853883
0.401156
0.45093
0.549539
0.537662
0.889358
0.311299
0.414205
0.360603
0.408267
0.0364119
0.119237
0.587904
0.0924363
0.611736
0.406548
0.653149
0.640881
0.905454
0.900531
0.80286
0.0237537
0.296687
0.15604
0.794265
0.107204
0.904751
0.74371
0.834427
0.0627442
0.990936
0.961556
0.410377
0.506876
0.0245351
0.470933
0.00984529
0.195343
0.558134
0.454212
0.281294
0.723707
0.374043
0.405063
0.322082
0.818644
0.543288
0.143772
0.0587592
0.102282
0.807079
0.964682
0.107282
0.922175
0.629083
0.274496
0.207845
0.345835
0.115252
0.699328
0.938037
0.165963
0.00695421
0.550711
0.799031
0.170027
0.913033
0.590561
0.684873
0.714721
0.37037
0.586185
0.709173
0.133302
0.724098
0.461166
0.832005
0.52266
0.544069
0.318018
0.912643
0.503438
0.257931
0.514143
0.644945
0.811455
0.940381
0.688701
0.568448
0.754102
0.151664
0.818565
0.525863
0.2584
0.61869
0.957259
0.452102
0.810908
0.818409
0.491014
0.487654
0.738475
0.667057
0.742225
0.50336
0.240506
0.62877
0.204798
0.666354
0.585404
0.534927
0.279497
0.322941
0.010236
0.282466
0.985076
0.65479
0.0067198
0.498437
0.142835
0.849742
0.477731
0.525707
0.223551
0.847945
0.0769652
0.1619
0.100953
0.510861
0.91319
0.62541
0.455618
0.594937
0.660572
0.296062
0.0166432
0.711205
0.586342
0.744023
0.904126
0.604313
0.751367
0.541882
0.830208
0.121894
0.180263
0.195421
0.575559
0.339584
0.721441
0.868808
0.72902
0.558837
0.611033
0.249727
0.684716
0.679872
0.599625
0.70597
0.418972
0.423426
0.416549
0.883341
0.969761
0.239803
0.471949
0.236365
0.705345
0.279575
0.340366
0.895687
0.722613
0.130098
0.00968901
0.160494
0.787389
0.573996
0.99117
0.0137521
0.0664948
0.827239
0.459837
0.535787
0.471167
0.0621191
0.851539
0.878497
0.889514
0.346148
0.184951
0.240819
0.698469
0.746367
0.426785
0.165729
0.954759
0.894593
0.478669
0.734802
0.848179
0.129239
0.818097
0.421316
0.946163
0.978043
0.0866542
0.322394
0.888342
0.0847789
0.904282
0.639162
0.522113
0.422097
0.120331
0.831849
0.487811
0.773324
0.437803
0.622441
0.793561
0.950461
0.936318
0.7827
0.528598
0.868261
0.607048
0.36115
0.530239
0.234099
0.200031
0.603532
0.577121
0.688076
0.429051
0.671042
0.630802
0.657837
0.686279
0.0282857
0.307236
0.508204
0.320753
0.522425
0.491796
0.6619
0.59228
0.0681356
0.193077
0.0528208
0.778168
0.51805
0.516096
0.0804813
0.946007
0.943194
0.315909
0.442178
0.59814
0.374902
0.596734
0.0612596
0.659869
0.139241
0.0482107
0.750195
0.280513
0.549461
0.520238
0.00390686
0.87123
0.269105
0.00562588
0.254493
0.747539
0.688154
0.446476
0.556415
0.0708704
0.802938
0.0411783
0.18206
0.596187
0.939366
0.462182
0.0584466
0.0325832
0.26551
0.204173
0.526957
0.502344
0.0139866
0.118769
0.483357
0.7802
0.971089
0.536021
0.523441
0.718315
0.171824
0.313721
0.954368
0.80747
0.0517268
0.534224
0.122675
0.354509
0.0492264
0.976715
0.790514
0.270902
0.406392
0.6183
0.870136
0.0251602
0.61033
0.0929051
0.716284
0.718862
0.293796
0.511408
0.0350836
0.823097
0.536412
0.610564
0.145179
0.372402
0.0391467
0.729098
0.576262
0.496406
0.689873
0.829817
0.0347711
0.753399
0.994921
0.850133
0.564854
0.952649
0.424129
0.573371
0.851774
0.93077
0.545632
0.66651
0.620253
0.305673
0.159712
0.613143
0.720191
0.590014
0.5629
0.517034
0.289576
0.570558
0.224488
0.056962
0.701594
0.443272
0.842085
0.770277
0.758322
0.0925145
0.629161
0.291921
0.0932177
0.785982
0.260353
0.0542272
0.0917331
0.454915
0.438115
0.692139
0.335052
0.710892
0.516643
0.202454
0.143616
0.02391
0.331536
0.926864
0.67448
0.397406
0.614627
0.0511799
0.412252
0.925066
0.273715
0.033599
0.49203
0.714174
0.248398
0.388498
0.628379
0.117675
0.239412
0.384826
0.809501
0.504766
0.554149
0.565635
0.126817
0.277934
0.974527
0.302625
0.480231
0.0832161
0.55579
0.931552
0.719878
0.520316
0.0213315
0.756603
0.709251
0.150727
0.60947
0.901313
0.977106
0.877637
0.697843
0.60697
0.343726
0.644866
0.79403
0.0549305
0.248554
0.423347
0.399125
0.997968
0.529614
0.0947023
0.116971
0.082591
0.416393
0.848492
0.198937
0.359587
0.181747
0.526489
0.397797
0.70175
0.478122
0.61283
0.650492
0.0484451
0.802469
0.936709
0.869823
0.95554
0.0687607
0.332474
0.135881
0.299031
0.678778
0.355681
0.310595
0.257384
0.392171
0.447257
0.730661
0.924754
0.204016
0.492108
0.731599
0.133771
0.828645
0.77348
0.472652
0.393186
0.673777
0.240584
0.646195
0.0901703
0.106423
0.730505
0.889905
0.433271
0.611892
0.441397
0.423894
0.521097
0.195577
0.610408
0.11033
0.601657
0.158931
0.438897
0.866385
0.188858
0.111971
0.967573
0.751992
0.681278
0.913268
0.642835
0.340991
0.0350055
0.805673
0.651039
0.170417
7.81372e-05
0.0174246
0.885451
0.440147
0.145101
0.354977
0.153774
0.288951
0.431161
0.141428
0.536099
0.540866
0.603688
0.611971
0.458822
0.309267
0.961244
0.340678
0.965385
0.264104
0.890608
0.590092
0.580325
0.402407
0.729723
0.715659
0.579466
0.210736
0.990545
0.874434
0.983513
0.306298
0.299109
0.696203
0.241053
0.750742
0.402485
0.747148
0.601031
0.0195343
0.355837
0.345445
0.0281294
0.272386
0.737459
0.440538
0.232224
0.781919
0.354352
0.0143772
0.205892
0.910298
0.980778
0.696515
0.310752
0.292233
0.162916
0.327473
0.0207845
0.63463
0.511564
0.0699328
0.593843
0.416628
0.900766
0.855134
0.67995
0.61705
0.591342
0.859119
0.568526
0.771527
0.037037
0.258634
0.670964
0.613377
0.772464
0.246132
0.883263
0.952336
0.35443
0.0318018
0.0912643
0.350367
0.125801
0.0514143
0.464526
0.581185
0.594077
0.468901
0.556884
0.175418
0.115174
0.681903
0.0525863
0.725895
0.861932
0.195734
0.645257
0.881153
0.481872
0.449133
0.148773
0.173855
0.76676
0.974293
0.250352
0.824113
0.762932
0.120488
0.866698
0.258556
0.65354
0.728004
0.332318
0.101031
0.528286
0.798562
0.065479
0.600719
0.949914
0.814346
0.585013
0.447804
0.852633
0.122363
0.28481
0.507736
0.216206
0.210111
0.851149
0.791374
0.462572
0.14557
0.459525
0.466088
0.929677
0.301688
0.271136
0.458665
0.274418
0.19042
0.460463
0.675184
0.554227
0.58306
0.0121894
0.718081
0.11955
0.657603
0.634005
0.372168
0.986951
0.072902
0.255899
0.0611033
0.62502
0.368495
0.167995
0.459994
0.570636
0.241913
0.942413
0.141663
0.588373
0.196984
0.924051
0.0471949
0.523676
0.770589
0.82802
0.634083
0.389592
0.872324
0.513049
0.401
0.416081
0.778794
0.657446
0.599156
0.601422
0.106657
0.782779
0.546023
0.753633
0.0471167
0.506251
0.885216
0.387873
0.488983
0.0346148
0.71855
0.224098
0.969917
0.274652
0.242694
0.116581
0.995546
0.98953
0.647914
0.473511
0.584857
0.412955
0.0818097
0.242147
0.994687
0.797859
0.908736
0.632286
0.988905
0.508517
0.390452
0.0639162
0.252227
0.242225
0.0120331
0.683232
0.348805
0.777387
0.343804
0.662291
0.679403
0.495077
0.393655
0.778325
0.552899
0.286842
0.960775
0.236131
0.653071
0.623457
0.0200031
0.460384
0.657759
0.668855
0.142913
0.867167
0.363104
0.965854
0.368651
0.202844
0.230739
0.450852
0.532114
0.652289
0.449211
0.166198
0.059228
0.206829
0.119316
0.605329
0.977887
0.051805
0.551649
0.00804813
0.794655
0.194327
0.331614
0.944288
0.559853
0.837553
0.759728
0.406157
0.566026
0.21394
0.704876
0.175027
0.0280513
0.254962
0.852086
0.000390686
0.087123
0.426942
0.200578
0.725504
0.774809
0.76887
0.444679
0.155649
0.707142
0.680341
0.704173
0.018206
0.0596187
0.293952
0.546257
0.805907
0.703313
0.826614
0.320441
0.452727
0.950305
0.901469
0.0118769
0.648383
0.578059
0.897171
0.0536021
0.952414
0.371855
0.917253
0.531411
0.495468
0.480778
0.205188
0.753477
0.0122675
0.735506
0.00492264
0.0976715
0.779106
0.727145
0.140647
0.361853
0.68706
0.202532
0.161041
0.909361
0.771683
0.0718862
0.0293796
0.55118
0.903579
0.482341
0.55368
0.461088
0.81458
0.637287
0.103922
0.172918
0.557665
0.349664
0.969058
0.0829817
0.503516
0.275356
0.399516
0.0850133
0.956556
0.295281
0.842475
0.8574
0.185185
0.293093
0.354587
0.066651
0.862088
0.230583
0.416003
0.761369
0.772074
0.159009
0.456321
0.751758
0.629005
0.257071
0.322472
0.905767
0.97023
0.344351
0.784263
0.87709
0.575871
0.409283
0.262932
0.629239
0.309345
0.978669
0.226051
0.405454
0.409205
0.245507
0.743866
0.869276
0.833568
0.871152
0.25168
0.120253
0.814424
0.602438
0.333177
0.292702
0.267464
0.639787
0.66151
0.505157
0.641272
0.992577
0.327395
0.0033599
0.749258
0.0714174
0.92491
0.238865
0.262854
0.611814
0.423972
0.538522
0.0809501
0.0504766
0.255431
0.956634
0.312705
0.727848
0.297468
0.330286
0.64807
0.508361
0.355602
0.293171
0.372011
0.952102
0.302157
0.375684
0.77098
0.915143
0.060947
0.59017
0.59775
0.287779
0.169792
0.860759
0.934443
0.36451
0.279419
0.305516
0.124863
0.842397
0.839975
0.299812
0.853024
0.209486
0.711752
0.708314
0.94171
0.98492
0.619941
0.235974
0.618222
0.852711
0.139787
0.170183
0.947882
0.361306
0.565088
0.00484451
0.0802469
0.893733
0.286998
0.995624
0.00687607
0.533286
0.913658
0.729958
0.767932
0.235584
0.531099
0.42577
0.939287
0.444757
0.173074
0.592514
0.120409
0.849273
0.373183
0.213393
0.582904
0.977418
0.947336
0.239334
0.367401
0.924129
0.0646195
0.409048
0.210658
0.973121
0.989061
0.543366
0.161197
0.94421
0.542429
0.95218
0.319581
0.261056
0.211049
0.0601657
0.415924
0.743944
0.886701
0.71894
0.311221
0.396781
0.475231
0.968198
0.891389
0.764338
0.43413
0.803563
0.180575
0.26512
0.11705
0.100016
0.301766
0.288561
0.344038
0.714565
0.335521
0.81544
0.828958
0.843179
0.0141428
0.153618
0.254102
0.660416
0.261213
0.245898
0.830989
0.29614
0.0340678
0.596578
0.0264104
0.889123
0.259025
0.758087
0.0402407
0.973043
0.971636
0.657993
0.721128
0.799109
0.187451
0.798406
0.0306298
0.829973
0.0696203
0.524144
0.875137
0.140256
0.27473
0.260119
0.00195343
0.435615
0.134552
0.00281294
0.627286
0.873808
0.844116
0.223238
0.778247
0.535474
0.401469
0.520628
0.0910298
0.298093
0.469683
0.73113
0.0292233
0.516331
0.132755
0.602125
0.263479
0.751211
0.507032
0.0593843
0.241678
0.890139
0.485545
0.268011
0.76176
0.859197
0.585951
0.6569
0.477184
0.403735
0.0258634
0.767151
0.0613377
0.677293
0.0246132
0.488358
0.895296
0.63549
0.703235
0.809189
0.435068
0.0125801
0.805204
0.546492
0.858181
0.359431
0.146898
0.755743
0.517581
0.411549
0.768245
0.305282
0.0725895
0.186201
0.519612
0.864588
0.78817
0.748242
0.844976
0.414909
0.517425
0.376699
0.9975
0.425066
0.782466
0.476324
0.212064
0.286685
0.925926
0.465385
0.772855
0.333255
0.310127
0.152836
0.0798562
0.80661
0.860134
0.795046
0.28145
0.758556
0.144788
0.285279
0.612283
0.52852
0.850836
0.721675
0.921081
0.385138
0.8792
0.0462572
0.31458
0.14596
0.546648
0.89303
0.130177
0.0271136
0.0458665
0.227457
0.719097
0.34607
0.167526
0.355446
0.258322
0.601266
0.0718081
0.011955
0.665807
0.463432
0.33724
0.198703
0.307314
0.525629
0.206126
0.962572
0.636896
0.0167995
0.746054
0.357087
0.624238
0.194249
0.31419
0.0588373
0.119706
0.692452
0.404751
0.252383
0.277075
0.782857
0.563447
0.639006
0.487264
0.651352
0.240116
0.541647
0.777934
0.465776
0.859978
0.760197
0.510705
0.87834
0.854665
0.575402
0.304735
0.950695
0.988592
0.438819
0.848961
0.303485
0.671902
0.822472
0.397015
0.527504
0.624316
0.211674
0.199562
0.498984
0.264807
0.0473511
0.558525
0.541335
0.708236
0.924285
0.0994687
0.179794
0.0908736
0.263244
0.698937
0.850914
0.7391
0.806454
0.825285
0.0242225
0.401235
0.468354
0.434912
0.977809
0.0343804
0.666276
0.567979
0.649555
0.839428
0.17784
0.655337
0.128692
0.696124
0.223629
0.86537
0.962416
0.602047
0.246054
0.865838
0.0668855
0.914362
0.886779
0.736365
0.196593
0.836928
0.620331
0.323097
0.0450852
0.0532114
0.865291
0.944991
0.716674
0.805985
0.720738
0.711986
0.760588
0.597828
0.305204
0.0551649
0.300828
0.0794655
0.719487
0.433193
0.594468
0.556024
0.983826
0.375996
0.840678
0.456634
0.821456
0.170495
0.0175027
0.902875
0.32552
0.585248
0.500078
0.508751
0.442725
0.720113
0.572589
0.677528
0.076887
0.144476
0.215581
0.0707142
0.768089
0.270433
0.301844
0.305985
0.229411
0.154634
0.480622
0.170339
0.982732
0.132052
0.445304
0.295046
0.790202
0.201203
0.864901
0.857868
0.289733
0.605407
0.995312
0.937256
0.991796
0.153149
0.149555
0.348101
0.620566
0.375371
0.701281
0.373574
0.300516
0.00976715
0.177918
0.672761
0.0140647
0.136193
0.368729
0.220269
0.116112
0.890999
0.677215
0.00718862
0.602985
0.455149
0.490389
0.348258
0.655415
0.146117
0.581497
0.663776
0.0103922
0.317315
0.755821
0.535005
0.296921
0.208314
0.450383
0.427567
0.339975
0.808564
0.295671
0.929598
0.284263
0.385763
0.0185185
0.129317
0.835521
0.306689
0.386232
0.123066
0.441632
0.476168
0.177215
0.51594
0.0456321
0.175184
0.0629005
0.0257071
0.732302
0.290592
0.797078
0.73449
0.778481
0.587748
0.0575871
0.840991
0.526332
0.362947
0.931005
0.597906
0.322629
0.940616
0.740975
0.224566
0.0743866
0.586967
0.883419
0.987185
0.125176
0.912096
0.381466
0.0602438
0.433349
0.629317
0.32677
0.864041
0.666198
0.550555
0.764182
0.399281
0.0327395
0.300359
0.974996
0.407173
0.792546
0.723941
0.426317
0.0611814
0.642444
0.253868
0.608142
0.605095
0.925613
0.395687
0.231286
0.572824
0.729802
0.733083
0.464838
0.650883
0.135568
0.229333
0.137209
0.595249
0.73027
0.837631
0.777153
0.29153
0.0060947
0.35904
0.059775
0.328801
0.317003
0.686123
0.993515
0.53649
0.627989
0.0305516
0.812549
0.184248
0.0839975
0.730036
0.785357
0.120956
0.971246
0.57087
0.294187
0.598531
0.462025
0.0235974
0.261838
0.385295
0.914049
0.817081
0.194796
0.436162
0.256524
0.2005
0.708079
0.889436
0.328723
0.299578
0.80075
0.553368
0.391389
0.273011
0.876856
0.523597
0.753165
0.942647
0.193937
0.244491
0.517346
0.359275
0.112049
0.984998
0.637365
0.121347
0.0582904
0.997812
0.494765
0.323957
0.236756
0.792468
0.706517
0.540944
0.621113
0.497343
0.898969
0.454368
0.316143
0.494452
0.254258
0.695265
0.0319581
0.126113
0.121113
0.00601657
0.341616
0.174402
0.888733
0.171902
0.331145
0.839741
0.247539
0.196828
0.889201
0.276449
0.64346
0.480388
0.118065
0.326535
0.811767
0.0100016
0.230192
0.32888
0.334427
0.571496
0.433583
0.681591
0.982966
0.184326
0.101422
0.615409
0.225426
0.266057
0.326145
0.724644
0.583138
0.029614
0.603454
0.559697
0.802704
0.988983
0.525942
0.275824
0.504063
0.397328
0.597203
0.165807
0.972183
0.779966
0.918815
0.879903
0.203079
0.283013
0.10697
0.852477
0.0875137
0.514065
0.62752
0.926082
0.500234
0.543601
0.213471
0.600328
0.862791
0.387404
0.384435
0.722378
0.0778247
0.353571
0.840209
0.352086
0.509142
0.529848
0.146976
0.773168
0.402954
0.851696
0.913346
0.660259
0.226363
0.475152
0.950774
0.00593843
0.324191
0.28903
0.448586
0.0268011
0.976246
0.685967
0.958665
0.765745
0.747773
0.740428
0.102594
0.876778
0.506173
0.867792
0.5025
0.0488358
0.889592
0.363572
0.0703235
0.680966
0.843569
0.101266
0.580559
0.45468
0.385842
0.0359431
0.0146898
0.27559
0.451789
0.74121
0.27684
0.730583
0.907329
0.318644
0.0519612
0.586498
0.778872
0.674871
0.484529
0.0414909
0.251758
0.137678
0.699797
0.0425066
0.478278
0.647679
0.421238
0.928739
0.0925926
0.646585
0.177293
0.533365
0.931083
0.615331
0.208001
0.380684
0.886076
0.579544
0.228161
0.875918
0.314502
0.128536
0.661275
0.452883
0.985154
0.672214
0.892171
0.938584
0.287936
0.204641
0.631505
0.814659
0.654712
0.989373
0.613065
0.702766
0.704641
0.122754
0.371933
0.934677
0.416784
0.935615
0.625879
0.560166
0.907251
0.301219
0.166589
0.146351
0.633771
0.319894
0.330755
0.752618
0.820675
0.996328
0.163697
0.501719
0.874668
0.0357087
0.962494
0.619472
0.131427
0.305907
0.211986
0.269261
0.0404751
0.0252383
0.627754
0.978356
0.156353
0.863963
0.648773
0.665182
0.324035
0.25418
0.67784
0.146585
0.686045
0.97609
0.651117
0.187842
0.885529
0.457571
0.0304735
0.795124
0.298875
0.643929
0.584935
0.43038
0.967261
0.682294
0.139709
0.152758
0.0624316
0.921238
0.419987
0.649945
0.926551
0.604782
0.855915
0.854196
0.470855
0.992499
0.30997
0.117987
0.309111
0.926395
0.569933
0.0850914
0.97398
0.180653
0.282544
0.00242225
0.540163
0.446867
0.643538
0.497812
0.00343804
0.766682
0.956868
0.364979
0.383966
0.617831
0.765588
0.712924
0.969683
0.222378
0.586576
0.796296
0.560244
0.924676
0.186592
0.606735
0.291452
0.988748
0.473668
0.619706
0.183701
0.962103
0.532349
0.704563
0.105329
0.48656
0.49453
0.271683
0.580638
0.472105
0.271214
0.47609
0.159791
0.630567
0.605563
0.0300828
0.708001
0.872011
0.443351
0.859509
0.655649
0.19839
0.237615
0.984138
0.445695
0.382169
0.217065
0.401782
0.590327
0.632599
0.0585248
0.0500078
0.150883
0.644319
0.672058
0.857321
0.167761
0.40772
0.914518
0.921628
0.50711
0.0768089
0.127051
0.330208
0.630645
0.622988
0.915534
0.14807
0.0170339
0.798328
0.0132052
0.944601
0.629551
0.379044
0.520159
0.98656
0.985857
0.829036
0.860603
0.899594
0.593765
0.399203
0.0153149
0.414987
0.534849
0.262072
0.437568
0.570167
0.137365
0.630098
0.501016
0.717847
0.0672761
0.00140647
0.313643
0.936943
0.922097
0.611658
0.389123
0.767776
0.200734
0.760353
0.545554
0.649086
0.73488
0.865604
0.0146117
0.258165
0.566417
0.301063
0.131739
0.375606
0.753555
0.0296921
0.620878
0.44507
0.242772
0.134005
0.880919
0.429598
0.793015
0.828489
0.738631
0.701907
0.512971
0.383576
0.530708
0.338647
0.512346
0.244179
0.447648
0.817784
0.351617
0.404594
0.217534
0.506329
0.902641
0.273246
0.92913
0.179716
0.073449
0.377872
0.25879
0.705813
0.384123
0.65268
0.536334
0.59314
0.259806
0.932333
0.894124
0.374121
0.422488
0.207454
0.258712
0.688389
0.49875
0.212533
0.391233
0.238162
0.106032
0.643382
0.462963
0.232693
0.886467
0.666667
0.655102
0.0764182
0.0399281
0.903344
0.430067
0.897562
0.140725
0.379278
0.572433
0.642679
0.306142
0.26426
0.925457
0.360838
0.460541
0.692608
0.4396
0.0231286
0.15729
0.0729802
0.273324
0.946554
0.0650883
0.513596
0.522972
0.613768
0.859587
0.673074
0.0837631
0.677762
0.129161
0.800672
0.535943
0.506017
0.832943
0.731755
0.16862
0.599391
0.653696
0.762854
0.103063
0.981325
0.818487
0.508439
0.373027
0.178544
0.812158
0.0971246
0.657134
0.529458
0.0598531
0.346226
0.202375
0.126192
0.138537
0.891467
0.781763
0.319503
0.243632
0.325676
0.620097
0.270824
0.388967
0.732927
0.429989
0.880138
0.255352
0.939209
0.427332
0.287701
0.152368
0.975387
0.494296
0.219409
0.924519
0.151742
0.83599
0.411236
0.698547
0.763791
0.312158
0.605876
0.0997812
0.249492
0.632443
0.0236756
0.279262
0.270667
0.354118
0.962182
0.549773
0.589936
0.545476
0.631661
0.849508
0.425457
0.869589
0.903266
0.412643
0.0121113
0.700656
0.234177
0.217456
0.488905
0.0171902
0.833177
0.784029
0.824816
0.919753
0.0889201
0.827707
0.564385
0.848101
0.111814
0.932724
0.981247
0.801063
0.623066
0.932958
0.0334427
0.457181
0.943429
0.368183
0.0982966
0.918503
0.810205
0.661588
0.522582
0.526645
0.432646
0.472496
0.358337
0.903032
0.360369
0.355993
0.380294
0.798953
0.152602
0.0275824
0.150414
0.539772
0.359744
0.216596
0.297234
0.278012
0.991952
0.187998
0.920378
0.228317
0.910767
0.0852477
0.00875137
0.951477
0.16276
0.292624
0.250039
0.754415
0.221363
0.360056
0.286295
0.838803
0.0384435
0.572277
0.607829
0.535396
0.384044
0.635256
0.650961
0.152993
0.114705
0.577356
0.74035
0.0851696
0.991405
0.0660259
0.722691
0.147523
0.89514
0.600641
0.932489
0.928973
0.144866
0.302704
0.497656
0.968667
0.995937
0.0765745
0.0747773
0.67409
0.310283
0.187686
0.85068
0.686826
0.150258
0.504923
0.588998
0.336381
0.00703235
0.568136
0.684404
0.610173
0.0580559
0.945538
0.838647
0.00359431
0.801531
0.727614
0.245195
0.674168
0.327707
0.0730583
0.290749
0.831927
0.505235
0.658697
0.87795
0.767542
0.148461
0.104157
0.225191
0.213783
0.670027
0.404282
0.147836
0.964838
0.142132
0.692921
0.509298
0.564698
0.9178
0.653383
0.693155
0.561572
0.220816
0.238084
0.0886076
0.758009
0.0228161
0.0875918
0.531489
0.512893
0.366151
0.645335
0.898578
0.367245
0.88928
0.293874
0.528833
0.920534
0.263166
0.681513
0.965541
0.298953
0.661353
0.470308
0.870527
0.112283
0.0371933
0.293483
0.44171
0.493593
0.0625879
0.956087
0.190733
0.530161
0.216674
0.314659
0.163385
0.432021
0.333099
0.275277
0.382091
0.199641
0.516409
0.15018
0.487498
0.703626
0.896312
0.86201
0.213158
0.53063
0.321222
0.626973
0.80411
0.302547
0.462807
0.197843
0.115643
0.786451
0.364901
0.366542
0.732458
0.325441
0.567823
0.614705
0.0686045
0.297625
0.365135
0.418815
0.388576
0.645804
0.00304735
0.679559
0.529927
0.164401
0.65854
0.8431
0.996796
0.268245
0.814033
0.515315
0.906313
0.0921238
0.542038
0.865057
0.892718
0.0604782
0.485623
0.285435
0.647132
0.299266
0.731052
0.0117987
0.630958
0.692686
0.457025
0.908579
0.597437
0.218081
0.628301
0.10025
0.35404
0.944757
0.664401
0.149789
0.400375
0.276684
0.695734
0.136506
0.438428
0.761838
0.876621
0.471324
0.0969683
0.622285
0.758712
0.179637
0.0560244
0.492499
0.818722
0.560713
0.0291452
0.498906
0.247382
0.161978
0.118378
0.396234
0.353258
0.770511
0.810595
0.748711
0.949523
0.727223
0.158072
0.247226
0.127129
0.347632
0.516018
0.0630567
0.0605563
0.503047
0.170808
0.0872011
0.444366
0.0859509
0.165573
0.919909
0.123769
0.598453
0.444601
0.138225
0.821769
0.240194
0.559072
0.663307
0.905923
0.00500078
0.115096
0.664479
0.167214
0.285748
0.716831
0.840835
0.491483
0.592202
0.050711
0.307704
0.612752
0.633068
0.163072
0.362322
0.791608
0.514846
0.801766
0.779887
0.901391
0.99453
0.76301
0.137912
0.752071
0.698703
0.79864
0.0829036
0.486092
0.389983
0.959447
0.939991
0.601578
0.141506
0.553524
0.426238
0.0437568
0.757071
0.813799
0.463041
0.250117
0.771839
0.106735
0.800203
0.431396
0.193702
0.192218
0.861228
0.0389123
0.676825
0.920144
0.176043
0.254571
0.764963
0.573527
0.886623
0.701516
0.425848
0.956712
0.33013
0.613221
0.737615
0.475387
0.00296921
0.662135
0.644554
0.724332
0.51344
0.488123
0.843022
0.979372
0.382872
0.373887
0.370214
0.551336
0.938428
0.253086
0.433896
0.751289
0.524457
0.944835
0.681825
0.0351617
0.840522
0.421785
0.0506329
0.29028
0.727379
0.192921
0.0179716
0.0073449
0.637834
0.225895
0.370605
0.638459
0.365291
0.453665
0.159322
0.52602
0.293249
0.389436
0.837475
0.742303
0.520784
0.125879
0.0688389
0.349898
0.0212533
0.739178
0.823879
0.710658
0.464369
0.546335
0.823332
0.588686
0.266682
0.465541
0.807704
0.104001
0.190342
0.443038
0.789811
0.11408
0.437959
0.65729
0.564307
0.830677
0.226442
0.492577
0.836146
0.446085
0.469292
0.644007
0.60236
0.315752
0.407329
0.827395
0.494687
0.306532
0.351383
0.352321
0.561416
0.185967
0.467339
0.208392
0.467807
0.31294
0.780122
0.953665
0.650649
0.0832943
0.573215
0.816925
0.159947
0.665416
0.376309
0.910377
0.998203
0.581888
0.750899
0.437334
0.517893
0.481247
0.309736
0.0657134
0.652993
0.606032
0.13463
0.0202375
0.512658
0.313877
0.989217
0.578215
0.932021
0.824426
0.83263
0.662057
0.627129
0.838959
0.0732927
0.343022
0.488045
0.825598
0.0939209
0.942804
0.228786
0.0152368
0.397562
0.649476
0.822003
0.292468
0.21519
0.983669
0.341147
0.0698547
0.576418
0.531255
0.460619
0.710033
0.324973
0.463276
0.302391
0.427957
0.427098
0.235427
0.496249
0.655024
0.0589936
0.154555
0.463197
0.284966
0.542585
0.987029
0.0903266
0.141272
0.50125
0.77012
0.723472
0.321769
0.748945
0.00171902
0.383341
0.478434
0.682529
0.191983
0.808955
0.382794
0.356462
0.484841
0.111189
0.793327
0.898187
0.280122
0.462338
0.0932958
0.803407
0.145726
0.494374
0.236834
0.809892
0.591889
0.981091
0.766213
0.852321
0.0526645
0.743319
0.747304
0.635881
0.790358
0.236053
0.635646
0.738084
0.579934
0.315284
0.302782
0.51508
0.85404
0.436006
0.221675
0.429755
0.827864
0.599234
0.618847
0.992108
0.222847
0.691124
0.108533
0.200891
0.795202
0.316299
0.529301
0.0250039
0.575481
0.32216
0.836068
0.428661
0.583919
0.20386
0.457259
0.960853
0.253555
0.538444
0.0635256
0.165104
0.815362
0.811533
0.957806
0.574074
0.00851696
0.899203
0.506642
0.972339
0.814815
0.689561
0.760119
0.49328
0.992968
0.414518
0.430302
0.949836
0.796921
0.699641
0.00765745
0.707532
0.767464
0.131036
0.218784
0.785123
0.0686826
0.315049
0.250508
0.858962
0.533677
0.000703235
0.156821
0.968511
0.961088
0.305829
0.194562
0.383888
0.600406
0.880216
0.272777
0.824582
0.867479
0.432802
0.507345
0.129083
0.783247
0.65057
0.0658697
0.687842
0.376778
0.0148461
0.310439
0.222535
0.621425
0.567042
0.440459
0.214799
0.896546
0.914283
0.869355
0.850992
0.756524
0.691827
0.265354
0.169323
0.756212
0.622128
0.723863
0.408892
0.175809
0.202297
0.108767
0.253165
0.451321
0.636662
0.964604
0.0898578
0.0367245
0.188936
0.129395
0.852946
0.192061
0.826379
0.268167
0.796609
0.629942
0.466167
0.947101
0.18706
0.711283
0.603766
0.629395
0.344194
0.749414
0.106267
0.695656
0.119081
0.553055
0.321691
0.731521
0.116346
0.943272
0.333333
0.327551
0.0382091
0.520003
0.951711
0.215034
0.94882
0.570402
0.189639
0.286217
0.821378
0.153071
0.13213
0.462729
0.180419
0.23027
0.346304
0.2198
0.0115643
0.578684
0.0364901
0.136662
0.473277
0.532583
0.756837
0.761525
0.806923
0.929833
0.336537
0.0418815
0.338881
0.564619
0.900375
0.768011
0.253008
0.416471
0.865917
0.08431
0.799734
0.326848
0.881466
0.551571
0.990702
0.909283
0.754258
0.186514
0.589311
0.406079
0.548601
0.328567
0.264729
0.0299266
0.673152
0.101188
0.563135
0.569308
0.945773
0.89092
0.659791
0.121816
0.162838
0.310048
0.135412
0.194484
0.366464
0.715034
0.440069
0.127676
0.469605
0.713705
0.143851
0.0761838
0.987732
0.247148
0.109705
0.46226
0.0758712
0.918034
0.705657
0.349273
0.881935
0.656118
0.302938
0.54993
0.624785
0.316221
0.511877
0.139631
0.135334
0.177059
0.481091
0.274887
0.294968
0.772777
0.315831
0.424754
0.712768
0.934834
0.451633
0.70636
0.506095
0.850367
0.617128
0.608767
0.744491
0.00859509
0.916628
0.392014
0.412408
0.959916
0.0444601
0.913893
0.782232
0.424051
0.555946
0.966401
0.490624
0.400531
0.311533
0.466479
0.0167214
0.728629
0.471714
0.184091
0.0491483
0.959291
0.905141
0.830833
0.261291
0.263322
0.716362
0.736287
0.179169
0.951555
0.180184
0.177997
0.690186
0.899516
0.57634
0.51383
0.575246
0.269886
0.179872
0.108298
0.148617
0.139006
0.996015
0.0939991
0.960228
0.114158
0.455384
0.542663
0.00437568
0.975777
0.581419
0.646351
0.12502
0.877246
0.61072
0.180028
0.143147
0.919441
0.0192218
0.286138
0.803954
0.267698
0.692061
0.317628
0.82552
0.0764963
0.0573527
0.788717
0.870214
0.0425848
0.495702
0.533052
0.861385
0.0737615
0.44757
0.800359
0.466245
0.964526
0.0724332
0.151352
0.748867
0.984373
0.497968
0.0382872
0.537428
0.837084
0.65518
0.0938428
0.925379
0.343413
0.575168
0.252461
0.294499
0.668229
0.00351617
0.784107
0.842241
0.805126
0.529067
0.972808
0.919362
0.00179716
0.400766
0.363807
0.122597
0.337084
0.163854
0.536568
0.645413
0.916003
0.252618
0.329348
0.438975
0.88381
0.0742303
0.552118
0.112596
0.106892
0.835052
0.202141
0.0739178
0.482419
0.571105
0.34646
0.254649
0.782388
0.4589
0.326692
0.846617
0.780825
0.110408
0.619081
0.0443038
0.879044
0.011408
0.543835
0.265745
0.256446
0.183075
0.822707
0.449289
0.183622
0.944679
0.646976
0.264416
0.960306
0.131583
0.340756
0.98281
0.149476
0.330677
0.735193
0.935302
0.556181
0.0185967
0.146742
0.720894
0.746835
0.531333
0.478043
0.595406
0.76512
0.608376
0.657368
0.581732
0.716049
0.666589
0.637678
0.191045
0.599859
0.758243
0.0750899
0.743788
0.851852
0.948195
0.431005
0.106579
0.765354
0.66065
0.313486
0.902094
0.151274
0.731442
0.0989217
0.0578215
0.893265
0.18245
0.68331
0.366229
0.66276
0.783951
0.807392
0.0343022
0.648851
0.682607
0.209408
0.694327
0.822941
0.501563
0.839819
0.264963
0.0822003
0.32927
0.42155
0.998437
0.634162
0.407017
0.757697
0.953196
0.546101
0.771058
0.932568
0.946398
0.0302391
0.74285
0.642757
0.323566
0.149633
0.365526
0.505938
0.815518
0.846382
0.728551
0.45429
0.298719
0.60908
0.81419
0.550164
0.677059
0.972418
0.832239
0.574934
0.200188
0.638381
0.347867
0.568292
0.719253
0.380919
0.93835
0.235662
0.548523
0.311142
0.379356
0.589858
0.528051
0.746288
0.409361
0.280356
0.514612
0.749492
0.123691
0.581028
0.559228
0.698156
0.676668
0.885295
0.405298
0.374355
0.474762
0.863651
0.579075
0.123613
0.563604
0.673855
0.258009
0.531567
0.530317
0.251524
0.085404
0.0436006
0.722222
0.0429755
0.582825
0.959994
0.0618847
0.799266
0.2223
0.569151
0.910924
0.120097
0.779575
0.831692
0.452961
0.00250039
0.557587
0.332239
0.0836068
0.642913
0.358415
0.920456
0.245742
0.79614
0.525395
0.153852
0.306376
0.316534
0.581575
0.6812
0.895843
0.757462
0.900922
0.889983
0.450695
0.497265
0.881544
0.568995
0.876074
0.349351
0.899359
0.541491
0.743085
0.69503
0.979762
0.469995
0.800828
0.570792
0.276762
0.713158
0.0218784
0.878575
0.906939
0.231521
0.625098
0.38592
0.0533677
0.900141
0.715737
0.59689
0.0961088
0.430614
0.0194562
0.338412
0.460072
0.588061
0.127286
0.382482
0.286764
0.943351
0.350758
0.212924
0.478356
0.665104
0.30661
0.368808
0.237693
0.00148461
0.331067
0.822316
0.362166
0.756759
0.744101
0.92155
0.489686
0.191436
